231 231 0
1 111 0.447213595499958
1 112 0.462910049886276
1 113 -0.119522860933439
2 112 0.471404520791032
2 114 0.476731294622796
2 115 -0.0710669054518701
3 112 -0.0890870806374748
3 113 0.345032779671177
3 115 0.376050716545177
3 116 -0.174077655955698
4 114 0.480384461415261
4 117 0.483045891539648
4 118 -0.0506369683541833
5 114 -0.0591312395989083
5 115 0.396664414010959
5 118 0.411376675603721
5 119 -0.124034734589208
6 115 -0.144841364875580
6 116 0.312893109387372
6 119 0.339683110243379
6 120 -0.196116135138184
7 117 0.485071250072666
7 121 0.486664263392288
7 122 -0.0393444737682317
8 117 -0.0442807442770048
8 118 0.422411378337539
8 122 0.430997115920616
8 123 -0.0963738849304853
9 118 -0.108465228909328
9 119 0.359738467092251
9 123 0.375322358866369
9 124 -0.152380491669656
10 119 -0.171498585142509
10 120 0.297044262893002
10 124 0.319636015903306
10 125 -0.208191386110891
11 121 0.487950036474267
11 126 0.489009646921826
11 127 -0.0321744726043893
12 121 -0.0353996162702394
12 122 0.437869070965592
12 127 0.443494498951694
12 128 -0.0788110406239101
13 122 -0.0867109969524120
13 123 0.387783367164741
13 128 0.397976246989317
13 129 -0.124611196569807
14 123 -0.137102124276770
14 124 0.337690816752985
14 129 0.352453688425121
14 130 -0.170251306151750
15 124 -0.187317162316339
15 125 0.287587842088801
15 130 0.306924907022426
15 131 -0.215832923650858
16 126 0.489897948556636
16 132 0.490653381462658
16 133 -0.0272165526975909
17 126 -0.0294883912309794
17 127 0.448184744516579
17 133 0.452155332208351
17 134 -0.0666666666666667
18 127 -0.0722315118514615
18 128 0.406469422348530
18 134 0.413655788199695
18 135 -0.105409255338946
19 128 -0.114208048144032
19 129 0.364751255324597
19 135 0.375154289247425
19 136 -0.144016459964619
20 129 -0.156037899521099
20 130 0.323029141234899
20 136 0.336650164612069
20 137 -0.182574185835055
21 130 -0.197814142018736
21 131 0.281301323819510
21 137 0.298142396999972
21 138 -0.221108319357027
22 132 0.491303684440517
22 139 0.491869376837965
22 140 -0.0235833315318289
23 132 -0.0252699347859634
23 133 0.455560227992112
23 140 0.458512369387107
23 141 -0.0577671286878700
24 133 -0.0618984460590173
24 134 0.419815686614935
24 141 0.425154555421379
24 142 -0.0913378502708616
25 134 -0.0978700365857839
25 135 0.384069757393187
25 142 0.391795728938797
25 143 -0.124791260639214
26 135 -0.133715926180959
26 136 0.348322013051861
26 143 0.358435607241211
26 144 -0.158201797323251
27 136 -0.169515875905203
27 137 0.312571830824992
27 144 0.325073791571436
27 145 -0.191591891073840
28 137 -0.205293920683813
28 138 0.276818266179133
28 145 0.291709700729070
28 146 -0.224970644482239
29 139 0.492365963917331
29 147 0.492805380304581
29 148 -0.0208062594644120
30 139 -0.0221078844142691
30 140 0.461096487380339
30 148 0.463377399878991
30 149 -0.0509647191437626
31 140 -0.0541530361073882
31 141 0.429826398837752
31 149 0.433948946665029
31 150 -0.0805822964025380
32 141 -0.0856234681563427
32 142 0.398555554238392
32 150 0.404519917477945
32 151 -0.110096376512636
33 142 -0.116983928347834
33 143 0.367283760468404
33 151 0.375090176747726
33 152 -0.139572631559771
34 143 -0.148304197167041
34 144 0.336010752516124
34 152 0.345659542730299
34 153 -0.169030850945703
35 144 -0.179605302026775
35 145 0.304736156571861
35 153 0.316227766016838
35 154 -0.198479065379549
36 145 -0.210895776031660
36 146 0.273459427796934
36 154 0.286794494806093
36 155 -0.227921152919276
37 147 0.493196961916072
37 156 0.493548116792825
37 157 -0.0186145197762485
38 147 -0.0196494372972965
38 148 0.465405539935137
38 157 0.467220738297454
38 158 -0.0455960752587553
39 148 -0.0481310951111889
39 149 0.437613746934202
39 158 0.440893064570871
39 159 -0.0720937250910591
40 149 -0.0761019434147762
40 150 0.409821507431794
40 159 0.414565039365564
40 160 -0.0984987802056944
41 150 -0.103975048982007
41 151 0.382028723980208
41 160 0.388236591175601
41 161 -0.124869994764617
42 151 -0.131812432549124
42 152 0.354235268547085
42 161 0.361907627685755
42 162 -0.151225073546098
43 152 -0.159632783232723
43 153 0.326440969493271
43 162 0.335578027607012
43 163 -0.177571201301144
44 153 -0.187443685236754
44 154 0.298645591277000
44 163 0.309247628340292
44 164 -0.203911847571546
45 154 -0.215248801000253
45 155 0.270848801657075
45 164 0.282916206749596
45 165 -0.230248893622864
46 156 0.493864798324795
47 156 -0.0176831963922435
47 157 0.468854871529131
48 157 -0.0433148081824210
48 158 0.443844706882252
49 158 -0.0684867251348742
49 159 0.418834261775195
50 159 -0.0935706800771819
50 160 0.393823482774631
51 160 -0.118622487577607
51 161 0.368812301952219
52 161 -0.143658966607306
52 162 0.343800631611455
53 162 -0.168686942449158
53 163 0.318788356531669
54 163 -0.193709711056515
54 164 0.293775322248954
55 164 -0.218729059571284
55 165 0.268761316791269
56 166 0.577350269189626
56 167 -0.258198889747161
56 168 0.447213595499958
57 167 0.414039335605413
57 168 -0.119522860933439
57 169 -0.308606699924184
57 170 0.345032779671177
58 168 0.462910049886276
58 170 -0.0890870806374748
58 171 0.471404520791032
59 169 0.389249472080761
59 170 -0.174077655955698
59 172 -0.323875137815648
59 173 0.312893109387372
60 170 0.376050716545177
60 171 -0.0710669054518701
60 173 -0.144841364875580
60 174 0.396664414010959
61 171 0.476731294622796
61 174 -0.0591312395989083
61 175 0.480384461415261
62 172 0.378932373372537
62 173 -0.196116135138184
62 176 -0.331366747831806
62 177 0.297044262893002
63 173 0.339683110243379
63 174 -0.124034734589208
63 177 -0.171498585142509
63 178 0.359738467092251
64 174 0.411376675603721
64 175 -0.0506369683541833
64 178 -0.108465228909328
64 179 0.422411378337539
65 175 0.483045891539648
65 179 -0.0442807442770048
65 180 0.485071250072666
66 176 0.373254451345080
66 177 -0.208191386110891
66 181 -0.335830247129734
66 182 0.287587842088801
67 177 0.319636015903306
67 178 -0.152380491669656
67 182 -0.187317162316339
67 183 0.337690816752985
68 178 0.375322358866369
68 179 -0.0963738849304853
68 183 -0.137102124276770
68 184 0.387783367164741
69 179 0.430997115920616
69 180 -0.0393444737682317
69 184 -0.0867109969524120
69 185 0.437869070965592
70 180 0.486664263392288
70 185 -0.0353996162702394
70 186 0.487950036474267
71 181 0.369656546990472
71 182 -0.215832923650858
71 187 -0.338795821543968
71 188 0.281301323819510
72 182 0.306924907022426
72 183 -0.170251306151750
72 188 -0.197814142018736
72 189 0.323029141234899
73 183 0.352453688425121
73 184 -0.124611196569807
73 189 -0.156037899521099
73 190 0.364751255324597
74 184 0.397976246989317
74 185 -0.0788110406239101
74 190 -0.114208048144032
74 191 0.406469422348530
75 185 0.443494498951694
75 186 -0.0321744726043893
75 191 -0.0722315118514615
75 192 0.448184744516579
76 186 0.489009646921826
76 192 -0.0294883912309794
76 193 0.489897948556636
77 187 0.367171369819073
77 188 -0.221108319357027
77 194 -0.340910058437421
77 195 0.276818266179133
78 188 0.298142396999972
78 189 -0.182574185835055
78 195 -0.205293920683813
78 196 0.312571830824992
79 189 0.336650164612069
79 190 -0.144016459964619
79 196 -0.169515875905203
79 197 0.348322013051861
80 190 0.375154289247425
80 191 -0.105409255338946
80 197 -0.133715926180959
80 198 0.384069757393187
81 191 0.413655788199695
81 192 -0.0666666666666667
81 198 -0.0978700365857839
81 199 0.419815686614935
82 192 0.452155332208351
82 193 -0.0272165526975909
82 199 -0.0618984460590173
82 200 0.455560227992112
83 193 0.490653381462658
83 200 -0.0252699347859634
83 201 0.491303684440517
84 194 0.365351401083446
84 195 -0.224970644482239
84 202 -0.342493872625371
84 203 0.273459427796934
85 195 0.291709700729070
85 196 -0.191591891073840
85 203 -0.210895776031660
85 204 0.304736156571861
86 196 0.325073791571436
86 197 -0.158201797323251
86 204 -0.179605302026775
86 205 0.336010752516124
87 197 0.358435607241211
87 198 -0.124791260639214
87 205 -0.148304197167041
87 206 0.367283760468404
88 198 0.391795728938797
88 199 -0.0913378502708616
88 206 -0.116983928347834
88 207 0.398555554238392
89 199 0.425154555421379
89 200 -0.0577671286878700
89 207 -0.0856234681563427
89 208 0.429826398837752
90 200 0.458512369387107
90 201 -0.0235833315318289
90 208 -0.0541530361073882
90 209 0.461096487380339
91 201 0.491869376837965
91 209 -0.0221078844142691
91 210 0.492365963917331
92 202 0.363960894145968
92 203 -0.227921152919276
92 211 -0.343724770923945
92 212 0.270848801657075
93 203 0.286794494806093
93 204 -0.198479065379549
93 212 -0.215248801000253
93 213 0.298645591277000
94 204 0.316227766016838
94 205 -0.169030850945703
94 213 -0.187443685236754
94 214 0.326440969493271
95 205 0.345659542730299
95 206 -0.139572631559771
95 214 -0.159632783232723
95 215 0.354235268547085
96 206 0.375090176747726
96 207 -0.110096376512636
96 215 -0.131812432549124
96 216 0.382028723980208
97 207 0.404519917477945
97 208 -0.0805822964025380
97 216 -0.103975048982007
97 217 0.409821507431794
98 208 0.433948946665029
98 209 -0.0509647191437626
98 217 -0.0761019434147762
98 218 0.437613746934202
99 209 0.463377399878991
99 210 -0.0208062594644120
99 218 -0.0481310951111889
99 219 0.465405539935137
100 210 0.492805380304581
100 219 -0.0196494372972965
100 220 0.493196961916072
101 211 0.362863792172947
101 212 -0.230248893622864
101 221 -0.344708957188131
101 222 0.268761316791269
102 212 0.282916206749596
102 213 -0.203911847571546
102 222 -0.218729059571284
102 223 0.293775322248954
103 213 0.309247628340292
103 214 -0.177571201301144
103 223 -0.193709711056515
103 224 0.318788356531669
104 214 0.335578027607012
104 215 -0.151225073546098
104 224 -0.168686942449158
104 225 0.343800631611455
105 215 0.361907627685755
105 216 -0.124869994764617
105 225 -0.143658966607306
105 226 0.368812301952219
106 216 0.388236591175601
106 217 -0.0984987802056944
106 226 -0.118622487577607
106 227 0.393823482774631
107 217 0.414565039365564
107 218 -0.0720937250910591
107 227 -0.0935706800771819
107 228 0.418834261775195
108 218 0.440893064570871
108 219 -0.0455960752587553
108 228 -0.0684867251348742
108 229 0.443844706882252
109 219 0.467220738297454
109 220 -0.0186145197762485
109 229 -0.0433148081824210
109 230 0.468854871529131
110 220 0.493548116792825
110 230 -0.0176831963922435
110 231 0.493864798324795
111 1 0.447213595499958
112 1 0.462910049886276
112 2 0.471404520791032
112 3 -0.0890870806374748
113 1 -0.119522860933439
113 3 0.345032779671177
114 2 0.476731294622796
114 4 0.480384461415261
114 5 -0.0591312395989083
115 2 -0.0710669054518701
115 3 0.376050716545177
115 5 0.396664414010959
115 6 -0.144841364875580
116 3 -0.174077655955698
116 6 0.312893109387372
117 4 0.483045891539648
117 7 0.485071250072666
117 8 -0.0442807442770048
118 4 -0.0506369683541833
118 5 0.411376675603721
118 8 0.422411378337539
118 9 -0.108465228909328
119 5 -0.124034734589208
119 6 0.339683110243379
119 9 0.359738467092251
119 10 -0.171498585142509
120 6 -0.196116135138184
120 10 0.297044262893002
121 7 0.486664263392288
121 11 0.487950036474267
121 12 -0.0353996162702394
122 7 -0.0393444737682317
122 8 0.430997115920616
122 12 0.437869070965592
122 13 -0.0867109969524120
123 8 -0.0963738849304853
123 9 0.375322358866369
123 13 0.387783367164741
123 14 -0.137102124276770
124 9 -0.152380491669656
124 10 0.319636015903306
124 14 0.337690816752985
124 15 -0.187317162316339
125 10 -0.208191386110891
125 15 0.287587842088801
126 11 0.489009646921826
126 16 0.489897948556636
126 17 -0.0294883912309794
127 11 -0.0321744726043893
127 12 0.443494498951694
127 17 0.448184744516579
127 18 -0.0722315118514615
128 12 -0.0788110406239101
128 13 0.397976246989317
128 18 0.406469422348530
128 19 -0.114208048144032
129 13 -0.124611196569807
129 14 0.352453688425121
129 19 0.364751255324597
129 20 -0.156037899521099
130 14 -0.170251306151750
130 15 0.306924907022426
130 20 0.323029141234899
130 21 -0.197814142018736
131 15 -0.215832923650858
131 21 0.281301323819510
132 16 0.490653381462658
132 22 0.491303684440517
132 23 -0.0252699347859634
133 16 -0.0272165526975909
133 17 0.452155332208351
133 23 0.455560227992112
133 24 -0.0618984460590173
134 17 -0.0666666666666667
134 18 0.413655788199695
134 24 0.419815686614935
134 25 -0.0978700365857839
135 18 -0.105409255338946
135 19 0.375154289247425
135 25 0.384069757393187
135 26 -0.133715926180959
136 19 -0.144016459964619
136 20 0.336650164612069
136 26 0.348322013051861
136 27 -0.169515875905203
137 20 -0.182574185835055
137 21 0.298142396999972
137 27 0.312571830824992
137 28 -0.205293920683813
138 21 -0.221108319357027
138 28 0.276818266179133
139 22 0.491869376837965
139 29 0.492365963917331
139 30 -0.0221078844142691
140 22 -0.0235833315318289
140 23 0.458512369387107
140 30 0.461096487380339
140 31 -0.0541530361073882
141 23 -0.0577671286878700
141 24 0.425154555421379
141 31 0.429826398837752
141 32 -0.0856234681563427
142 24 -0.0913378502708616
142 25 0.391795728938797
142 32 0.398555554238392
142 33 -0.116983928347834
143 25 -0.124791260639214
143 26 0.358435607241211
143 33 0.367283760468404
143 34 -0.148304197167041
144 26 -0.158201797323251
144 27 0.325073791571436
144 34 0.336010752516124
144 35 -0.179605302026775
145 27 -0.191591891073840
145 28 0.291709700729070
145 35 0.304736156571861
145 36 -0.210895776031660
146 28 -0.224970644482239
146 36 0.273459427796934
147 29 0.492805380304581
147 37 0.493196961916072
147 38 -0.0196494372972965
148 29 -0.0208062594644120
148 30 0.463377399878991
148 38 0.465405539935137
148 39 -0.0481310951111889
149 30 -0.0509647191437626
149 31 0.433948946665029
149 39 0.437613746934202
149 40 -0.0761019434147762
150 31 -0.0805822964025380
150 32 0.404519917477945
150 40 0.409821507431794
150 41 -0.103975048982007
151 32 -0.110096376512636
151 33 0.375090176747726
151 41 0.382028723980208
151 42 -0.131812432549124
152 33 -0.139572631559771
152 34 0.345659542730299
152 42 0.354235268547085
152 43 -0.159632783232723
153 34 -0.169030850945703
153 35 0.316227766016838
153 43 0.326440969493271
153 44 -0.187443685236754
154 35 -0.198479065379549
154 36 0.286794494806093
154 44 0.298645591277000
154 45 -0.215248801000253
155 36 -0.227921152919276
155 45 0.270848801657075
156 37 0.493548116792825
156 46 0.493864798324795
156 47 -0.0176831963922435
157 37 -0.0186145197762485
157 38 0.467220738297454
157 47 0.468854871529131
157 48 -0.0433148081824210
158 38 -0.0455960752587553
158 39 0.440893064570871
158 48 0.443844706882252
158 49 -0.0684867251348742
159 39 -0.0720937250910591
159 40 0.414565039365564
159 49 0.418834261775195
159 50 -0.0935706800771819
160 40 -0.0984987802056944
160 41 0.388236591175601
160 50 0.393823482774631
160 51 -0.118622487577607
161 41 -0.124869994764617
161 42 0.361907627685755
161 51 0.368812301952219
161 52 -0.143658966607306
162 42 -0.151225073546098
162 43 0.335578027607012
162 52 0.343800631611455
162 53 -0.168686942449158
163 43 -0.177571201301144
163 44 0.309247628340292
163 53 0.318788356531669
163 54 -0.193709711056515
164 44 -0.203911847571546
164 45 0.282916206749596
164 54 0.293775322248954
164 55 -0.218729059571284
165 45 -0.230248893622864
165 55 0.268761316791269
166 56 0.577350269189626
167 56 -0.258198889747161
167 57 0.414039335605413
168 56 0.447213595499958
168 57 -0.119522860933439
168 58 0.462910049886276
169 57 -0.308606699924184
169 59 0.389249472080761
170 57 0.345032779671177
170 58 -0.0890870806374748
170 59 -0.174077655955698
170 60 0.376050716545177
171 58 0.471404520791032
171 60 -0.0710669054518701
171 61 0.476731294622796
172 59 -0.323875137815648
172 62 0.378932373372537
173 59 0.312893109387372
173 60 -0.144841364875580
173 62 -0.196116135138184
173 63 0.339683110243379
174 60 0.396664414010959
174 61 -0.0591312395989083
174 63 -0.124034734589208
174 64 0.411376675603721
175 61 0.480384461415261
175 64 -0.0506369683541833
175 65 0.483045891539648
176 62 -0.331366747831806
176 66 0.373254451345080
177 62 0.297044262893002
177 63 -0.171498585142509
177 66 -0.208191386110891
177 67 0.319636015903306
178 63 0.359738467092251
178 64 -0.108465228909328
178 67 -0.152380491669656
178 68 0.375322358866369
179 64 0.422411378337539
179 65 -0.0442807442770048
179 68 -0.0963738849304853
179 69 0.430997115920616
180 65 0.485071250072666
180 69 -0.0393444737682317
180 70 0.486664263392288
181 66 -0.335830247129734
181 71 0.369656546990472
182 66 0.287587842088801
182 67 -0.187317162316339
182 71 -0.215832923650858
182 72 0.306924907022426
183 67 0.337690816752985
183 68 -0.137102124276770
183 72 -0.170251306151750
183 73 0.352453688425121
184 68 0.387783367164741
184 69 -0.0867109969524120
184 73 -0.124611196569807
184 74 0.397976246989317
185 69 0.437869070965592
185 70 -0.0353996162702394
185 74 -0.0788110406239101
185 75 0.443494498951694
186 70 0.487950036474267
186 75 -0.0321744726043893
186 76 0.489009646921826
187 71 -0.338795821543968
187 77 0.367171369819073
188 71 0.281301323819510
188 72 -0.197814142018736
188 77 -0.221108319357027
188 78 0.298142396999972
189 72 0.323029141234899
189 73 -0.156037899521099
189 78 -0.182574185835055
189 79 0.336650164612069
190 73 0.364751255324597
190 74 -0.114208048144032
190 79 -0.144016459964619
190 80 0.375154289247425
191 74 0.406469422348530
191 75 -0.0722315118514615
191 80 -0.105409255338946
191 81 0.413655788199695
192 75 0.448184744516579
192 76 -0.0294883912309794
192 81 -0.0666666666666667
192 82 0.452155332208351
193 76 0.489897948556636
193 82 -0.0272165526975909
193 83 0.490653381462658
194 77 -0.340910058437421
194 84 0.365351401083446
195 77 0.276818266179133
195 78 -0.205293920683813
195 84 -0.224970644482239
195 85 0.291709700729070
196 78 0.312571830824992
196 79 -0.169515875905203
196 85 -0.191591891073840
196 86 0.325073791571436
197 79 0.348322013051861
197 80 -0.133715926180959
197 86 -0.158201797323251
197 87 0.358435607241211
198 80 0.384069757393187
198 81 -0.0978700365857839
198 87 -0.124791260639214
198 88 0.391795728938797
199 81 0.419815686614935
199 82 -0.0618984460590173
199 88 -0.0913378502708616
199 89 0.425154555421379
200 82 0.455560227992112
200 83 -0.0252699347859634
200 89 -0.0577671286878700
200 90 0.458512369387107
201 83 0.491303684440517
201 90 -0.0235833315318289
201 91 0.491869376837965
202 84 -0.342493872625371
202 92 0.363960894145968
203 84 0.273459427796934
203 85 -0.210895776031660
203 92 -0.227921152919276
203 93 0.286794494806093
204 85 0.304736156571861
204 86 -0.179605302026775
204 93 -0.198479065379549
204 94 0.316227766016838
205 86 0.336010752516124
205 87 -0.148304197167041
205 94 -0.169030850945703
205 95 0.345659542730299
206 87 0.367283760468404
206 88 -0.116983928347834
206 95 -0.139572631559771
206 96 0.375090176747726
207 88 0.398555554238392
207 89 -0.0856234681563427
207 96 -0.110096376512636
207 97 0.404519917477945
208 89 0.429826398837752
208 90 -0.0541530361073882
208 97 -0.0805822964025380
208 98 0.433948946665029
209 90 0.461096487380339
209 91 -0.0221078844142691
209 98 -0.0509647191437626
209 99 0.463377399878991
210 91 0.492365963917331
210 99 -0.0208062594644120
210 100 0.492805380304581
211 92 -0.343724770923945
211 101 0.362863792172947
212 92 0.270848801657075
212 93 -0.215248801000253
212 101 -0.230248893622864
212 102 0.282916206749596
213 93 0.298645591277000
213 94 -0.187443685236754
213 102 -0.203911847571546
213 103 0.309247628340292
214 94 0.326440969493271
214 95 -0.159632783232723
214 103 -0.177571201301144
214 104 0.335578027607012
215 95 0.354235268547085
215 96 -0.131812432549124
215 104 -0.151225073546098
215 105 0.361907627685755
216 96 0.382028723980208
216 97 -0.103975048982007
216 105 -0.124869994764617
216 106 0.388236591175601
217 97 0.409821507431794
217 98 -0.0761019434147762
217 106 -0.0984987802056944
217 107 0.414565039365564
218 98 0.437613746934202
218 99 -0.0481310951111889
218 107 -0.0720937250910591
218 108 0.440893064570871
219 99 0.465405539935137
219 100 -0.0196494372972965
219 108 -0.0455960752587553
219 109 0.467220738297454
220 100 0.493196961916072
220 109 -0.0186145197762485
220 110 0.493548116792825
221 101 -0.344708957188131
222 101 0.268761316791269
222 102 -0.218729059571284
223 102 0.293775322248954
223 103 -0.193709711056515
224 103 0.318788356531669
224 104 -0.168686942449158
225 104 0.343800631611455
225 105 -0.143658966607306
226 105 0.368812301952219
226 106 -0.118622487577607
227 106 0.393823482774631
227 107 -0.0935706800771819
228 107 0.418834261775195
228 108 -0.0684867251348742
229 108 0.443844706882252
229 109 -0.0433148081824210
230 109 0.468854871529131
230 110 -0.0176831963922435
231 110 0.493864798324795
