496 496 0
1 241 0.447213595499958
1 242 0.462910049886276
1 243 -0.119522860933439
2 242 0.471404520791032
2 244 0.476731294622796
2 245 -0.0710669054518701
3 242 -0.0890870806374748
3 243 0.345032779671177
3 245 0.376050716545177
3 246 -0.174077655955698
4 244 0.480384461415261
4 247 0.483045891539648
4 248 -0.0506369683541833
5 244 -0.0591312395989083
5 245 0.396664414010959
5 248 0.411376675603721
5 249 -0.124034734589208
6 245 -0.144841364875580
6 246 0.312893109387372
6 249 0.339683110243379
6 250 -0.196116135138184
7 247 0.485071250072666
7 251 0.486664263392288
7 252 -0.0393444737682317
8 247 -0.0442807442770048
8 248 0.422411378337539
8 252 0.430997115920616
8 253 -0.0963738849304853
9 248 -0.108465228909328
9 249 0.359738467092251
9 253 0.375322358866369
9 254 -0.152380491669656
10 249 -0.171498585142509
10 250 0.297044262893002
10 254 0.319636015903306
10 255 -0.208191386110891
11 251 0.487950036474267
11 256 0.489009646921826
11 257 -0.0321744726043893
12 251 -0.0353996162702394
12 252 0.437869070965592
12 257 0.443494498951694
12 258 -0.0788110406239101
13 252 -0.0867109969524120
13 253 0.387783367164741
13 258 0.397976246989317
13 259 -0.124611196569807
14 253 -0.137102124276770
14 254 0.337690816752985
14 259 0.352453688425121
14 260 -0.170251306151750
15 254 -0.187317162316339
15 255 0.287587842088801
15 260 0.306924907022426
15 261 -0.215832923650858
16 256 0.489897948556636
16 262 0.490653381462658
16 263 -0.0272165526975909
17 256 -0.0294883912309794
17 257 0.448184744516579
17 263 0.452155332208351
17 264 -0.0666666666666667
18 257 -0.0722315118514615
18 258 0.406469422348530
18 264 0.413655788199695
18 265 -0.105409255338946
19 258 -0.114208048144032
19 259 0.364751255324597
19 265 0.375154289247425
19 266 -0.144016459964619
20 259 -0.156037899521099
20 260 0.323029141234899
20 266 0.336650164612069
20 267 -0.182574185835055
21 260 -0.197814142018736
21 261 0.281301323819510
21 267 0.298142396999972
21 268 -0.221108319357027
22 262 0.491303684440517
22 269 0.491869376837965
22 270 -0.0235833315318289
23 262 -0.0252699347859634
23 263 0.455560227992112
23 270 0.458512369387107
23 271 -0.0577671286878700
24 263 -0.0618984460590173
24 264 0.419815686614935
24 271 0.425154555421379
24 272 -0.0913378502708616
25 264 -0.0978700365857839
25 265 0.384069757393187
25 272 0.391795728938797
25 273 -0.124791260639214
26 265 -0.133715926180959
26 266 0.348322013051861
26 273 0.358435607241211
26 274 -0.158201797323251
27 266 -0.169515875905203
27 267 0.312571830824992
27 274 0.325073791571436
27 275 -0.191591891073840
28 267 -0.205293920683813
28 268 0.276818266179133
28 275 0.291709700729070
28 276 -0.224970644482239
29 269 0.492365963917331
29 277 0.492805380304581
29 278 -0.0208062594644120
30 269 -0.0221078844142691
30 270 0.461096487380339
30 278 0.463377399878991
30 279 -0.0509647191437626
31 270 -0.0541530361073882
31 271 0.429826398837752
31 279 0.433948946665029
31 280 -0.0805822964025380
32 271 -0.0856234681563427
32 272 0.398555554238392
32 280 0.404519917477945
32 281 -0.110096376512636
33 272 -0.116983928347834
33 273 0.367283760468404
33 281 0.375090176747726
33 282 -0.139572631559771
34 273 -0.148304197167041
34 274 0.336010752516124
34 282 0.345659542730299
34 283 -0.169030850945703
35 274 -0.179605302026775
35 275 0.304736156571861
35 283 0.316227766016838
35 284 -0.198479065379549
36 275 -0.210895776031660
36 276 0.273459427796934
36 284 0.286794494806093
36 285 -0.227921152919276
37 277 0.493196961916072
37 286 0.493548116792825
37 287 -0.0186145197762485
38 277 -0.0196494372972965
38 278 0.465405539935137
38 287 0.467220738297454
38 288 -0.0455960752587553
39 278 -0.0481310951111889
39 279 0.437613746934202
39 288 0.440893064570871
39 289 -0.0720937250910591
40 279 -0.0761019434147762
40 280 0.409821507431794
40 289 0.414565039365564
40 290 -0.0984987802056944
41 280 -0.103975048982007
41 281 0.382028723980208
41 290 0.388236591175601
41 291 -0.124869994764617
42 281 -0.131812432549124
42 282 0.354235268547085
42 291 0.361907627685755
42 292 -0.151225073546098
43 282 -0.159632783232723
43 283 0.326440969493271
43 292 0.335578027607012
43 293 -0.177571201301144
44 283 -0.187443685236754
44 284 0.298645591277000
44 293 0.309247628340292
44 294 -0.203911847571546
45 284 -0.215248801000253
45 285 0.270848801657075
45 294 0.282916206749596
45 295 -0.230248893622864
46 286 0.493864798324795
46 296 0.494151845601762
46 297 -0.0168406498460619
47 286 -0.0176831963922435
47 287 0.468854871529131
47 297 0.470333753886936
47 298 -0.0412509990597316
48 287 -0.0433148081824210
48 288 0.443844706882252
48 298 0.446515468408517
48 299 -0.0652235563931081
49 288 -0.0684867251348742
49 289 0.418834261775195
49 299 0.422696956411716
49 300 -0.0891123428187957
50 289 -0.0935706800771819
50 290 0.393823482774631
50 300 0.398878177317748
50 301 -0.112970513523197
51 290 -0.118622487577607
51 291 0.368812301952219
51 301 0.375059080239208
51 302 -0.136814086108433
52 291 -0.143658966607306
52 292 0.343800631611455
52 302 0.351239600484318
52 303 -0.160649560654947
53 292 -0.168686942449158
53 293 0.318788356531669
53 303 0.327419654535027
53 304 -0.184480076074680
54 293 -0.193709711056515
54 294 0.293775322248954
54 304 0.303599132660554
54 305 -0.208307334358064
55 294 -0.218729059571284
55 295 0.268761316791269
55 305 0.279777887756690
55 306 -0.232132338494997
56 296 0.494413232473044
56 307 0.494652252662241
56 308 -0.0153755201338148
57 296 -0.0160747607390137
57 297 0.471678513560920
57 308 0.472906610165828
57 309 -0.0376621788577355
58 297 -0.0393749615479079
58 298 0.448943635211481
58 309 0.451160835280258
58 310 -0.0595491334175414
59 298 -0.0622572806364690
59 299 0.426208571910545
59 310 0.429414907892783
59 311 -0.0813596051046808
60 299 -0.0850596386005904
60 300 0.403473292392964
60 311 0.407668803599069
60 312 -0.103142124625879
61 300 -0.107832773203438
61 301 0.380737757925422
61 312 0.385922492493980
61 313 -0.124911316058364
62 301 -0.130591973589082
62 302 0.358001919934799
62 313 0.364175937529070
62 314 -0.146673113978214
63 302 -0.153343444223432
63 303 0.335265716671409
63 314 0.342429092244117
63 315 -0.168430384213304
64 303 -0.176090181265125
64 304 0.312529068415485
64 315 0.320681897575501
64 316 -0.190184680681588
65 304 -0.198833809300456
65 305 0.289791870426647
65 316 0.298934277271208
65 317 -0.211936919113247
66 305 -0.221575285704751
66 306 0.267053982290780
66 317 0.277186131146990
66 318 -0.233687674210717
67 307 0.494871659305394
67 319 0.495073771488337
67 320 -0.0141449648996668
68 307 -0.0147345892322685
68 308 0.474032598075503
68 320 0.475068706726137
68 321 -0.0346479464337619
69 308 -0.0360922251885651
69 309 0.453193426002765
69 321 0.455063548455876
69 322 -0.0547832134890979
70 309 -0.0570668187097829
70 310 0.432354127059532
70 322 0.435058283778293
70 323 -0.0748481188565120
71 310 -0.0779681175585450
71 311 0.411514681971460
71 323 0.415052897307109
71 324 -0.0948873091650102
72 311 -0.0988426294316663
72 312 0.390675067351512
72 324 0.395047370539266
72 325 -0.114914238077121
73 312 -0.119704368799485
73 313 0.369835254541153
73 325 0.375041681023592
73 326 -0.134934365204589
74 313 -0.140559022854369
74 314 0.348995208036308
74 326 0.355035801248363
74 327 -0.154950327013326
75 314 -0.161409337961723
75 315 0.328154883313454
75 327 0.335029697130245
75 328 -0.174963553055941
76 315 -0.182256803264195
76 316 0.307314223771048
76 328 0.315023325927385
76 329 -0.194974885773612
77 316 -0.203102296319612
77 317 0.286473156335654
77 329 0.295016633303226
77 330 -0.214984853873379
78 317 -0.223946367873852
78 318 0.265631584999218
78 330 0.275009549108463
78 331 -0.234993805951421
79 319 0.495260556543649
79 332 0.495433694306862
79 333 -0.0130968158962752
80 319 -0.0136007224895685
80 320 0.476025287134897
80 333 0.476911159294211
80 334 -0.0320805162010457
81 320 -0.0333148302326385
81 321 0.456789938291936
81 334 0.458388556369631
81 335 -0.0507237498546183
82 321 -0.0526753716984874
82 322 0.437554499538735
82 335 0.439865876953879
82 336 -0.0693018356566833
83 322 -0.0719682587164029
83 323 0.418318958472346
83 336 0.421343110959060
83 337 -0.0878561118986134
84 323 -0.0912364200893559
84 324 0.399083300298492
84 337 0.402820246441755
84 338 -0.106399035319786
85 324 -0.110492791836050
85 325 0.379847507226042
85 338 0.384297269155816
85 339 -0.124935660971975
86 325 -0.129742623503924
86 326 0.360611557667655
86 339 0.365774161969271
86 340 -0.143468429957643
87 326 -0.148988450118090
87 327 0.341375425170149
87 340 0.347250904094591
87 341 -0.161998665898833
88 327 -0.168231646227613
88 328 0.322139076961583
88 341 0.328727470058685
88 342 -0.180527148811407
89 328 -0.187473021859862
89 329 0.302902471944641
89 342 0.310203828303810
89 343 -0.199054368224950
90 329 -0.206713085379317
90 330 0.283665557873423
90 343 0.291679939255307
90 344 -0.217580646904488
91 330 -0.225952171969552
91 331 0.264428267297693
91 344 0.273155752602985
91 345 -0.236106206296660
92 332 0.495594627783352
92 346 0.495744603464734
92 347 -0.0121933086849912
93 332 -0.0126289205070680
93 333 0.477733885203646
93 347 0.478499985474108
93 348 -0.0298673845544749
94 333 -0.0309344112444873
94 334 0.459873084218371
94 348 0.461255316977253
94 349 -0.0472244814721371
95 334 -0.0489115988044518
95 335 0.442012217747381
95 349 0.444010592089423
95 350 -0.0645209248790614
96 335 -0.0668259659778115
96 336 0.424151277517934
96 350 0.426765803974691
96 351 -0.0817952012708366
97 336 -0.0847173742087358
97 337 0.406290253802535
97 351 0.409520944645666
97 352 -0.0990589080364496
98 337 -0.102597835208515
98 338 0.388429135084453
98 352 0.392276004710387
98 353 -0.116316751495908
99 338 -0.120472223432706
99 339 0.370567907626496
99 353 0.375030973049370
99 354 -0.133571004347866
100 339 -0.138342892773215
100 340 0.352706554908749
100 354 0.357785836399265
100 355 -0.150822898901939
101 340 -0.156211119564511
101 341 0.334845056886334
101 355 0.340540578809979
101 356 -0.168073161363204
102 341 -0.174077655955698
102 342 0.316983388996208
102 356 0.323295180928048
102 357 -0.185322247490171
103 342 -0.191942973987479
103 343 0.299121520808059
103 357 0.306049619037687
103 358 -0.202570457781348
104 343 -0.209807384893814
104 344 0.281259414161067
104 358 0.288803863758221
104 359 -0.219817998406480
105 344 -0.227671102209963
105 345 0.263397020542416
105 359 0.271557878245119
105 360 -0.237065015529217
106 346 0.495884703680465
107 346 -0.0117867501821119
107 347 0.479215112659406
108 347 -0.0288715236718309
108 348 0.462545477739750
109 348 -0.0456498871612267
109 349 0.445875793997883
110 349 -0.0623696194950268
110 350 0.429206055745272
111 350 -0.0790679239230308
111 351 0.412536256373917
112 351 -0.0957560111453272
112 352 0.395866388162750
113 352 -0.112438430560249
113 353 0.379196442032963
114 353 -0.129117379088416
114 354 0.362526407235828
115 354 -0.145794047950847
115 355 0.345856270950230
116 355 -0.162469139138939
116 356 0.329186017757896
117 356 -0.179143093214961
117 357 0.312515628950661
118 357 -0.195816200657970
118 358 0.295845081603488
119 358 -0.212488660763445
119 359 0.279174347315337
120 359 -0.229160614821537
120 360 0.262503390470172
121 361 0.577350269189626
121 362 -0.258198889747161
121 363 0.447213595499958
122 362 0.414039335605413
122 363 -0.119522860933439
122 364 -0.308606699924184
122 365 0.345032779671177
123 363 0.462910049886276
123 365 -0.0890870806374748
123 366 0.471404520791032
124 364 0.389249472080761
124 365 -0.174077655955698
124 367 -0.323875137815648
124 368 0.312893109387372
125 365 0.376050716545177
125 366 -0.0710669054518701
125 368 -0.144841364875580
125 369 0.396664414010959
126 366 0.476731294622796
126 369 -0.0591312395989083
126 370 0.480384461415261
127 367 0.378932373372537
127 368 -0.196116135138184
127 371 -0.331366747831806
127 372 0.297044262893002
128 368 0.339683110243379
128 369 -0.124034734589208
128 372 -0.171498585142509
128 373 0.359738467092251
129 369 0.411376675603721
129 370 -0.0506369683541833
129 373 -0.108465228909328
129 374 0.422411378337539
130 370 0.483045891539648
130 374 -0.0442807442770048
130 375 0.485071250072666
131 371 0.373254451345080
131 372 -0.208191386110891
131 376 -0.335830247129734
131 377 0.287587842088801
132 372 0.319636015903306
132 373 -0.152380491669656
132 377 -0.187317162316339
132 378 0.337690816752985
133 373 0.375322358866369
133 374 -0.0963738849304853
133 378 -0.137102124276770
133 379 0.387783367164741
134 374 0.430997115920616
134 375 -0.0393444737682317
134 379 -0.0867109969524120
134 380 0.437869070965592
135 375 0.486664263392288
135 380 -0.0353996162702394
135 381 0.487950036474267
136 376 0.369656546990472
136 377 -0.215832923650858
136 382 -0.338795821543968
136 383 0.281301323819510
137 377 0.306924907022426
137 378 -0.170251306151750
137 383 -0.197814142018736
137 384 0.323029141234899
138 378 0.352453688425121
138 379 -0.124611196569807
138 384 -0.156037899521099
138 385 0.364751255324597
139 379 0.397976246989317
139 380 -0.0788110406239101
139 385 -0.114208048144032
139 386 0.406469422348530
140 380 0.443494498951694
140 381 -0.0321744726043893
140 386 -0.0722315118514615
140 387 0.448184744516579
141 381 0.489009646921826
141 387 -0.0294883912309794
141 388 0.489897948556636
142 382 0.367171369819073
142 383 -0.221108319357027
142 389 -0.340910058437421
142 390 0.276818266179133
143 383 0.298142396999972
143 384 -0.182574185835055
143 390 -0.205293920683813
143 391 0.312571830824992
144 384 0.336650164612069
144 385 -0.144016459964619
144 391 -0.169515875905203
144 392 0.348322013051861
145 385 0.375154289247425
145 386 -0.105409255338946
145 392 -0.133715926180959
145 393 0.384069757393187
146 386 0.413655788199695
146 387 -0.0666666666666667
146 393 -0.0978700365857839
146 394 0.419815686614935
147 387 0.452155332208351
147 388 -0.0272165526975909
147 394 -0.0618984460590173
147 395 0.455560227992112
148 388 0.490653381462658
148 395 -0.0252699347859634
148 396 0.491303684440517
149 389 0.365351401083446
149 390 -0.224970644482239
149 397 -0.342493872625371
149 398 0.273459427796934
150 390 0.291709700729070
150 391 -0.191591891073840
150 398 -0.210895776031660
150 399 0.304736156571861
151 391 0.325073791571436
151 392 -0.158201797323251
151 399 -0.179605302026775
151 400 0.336010752516124
152 392 0.358435607241211
152 393 -0.124791260639214
152 400 -0.148304197167041
152 401 0.367283760468404
153 393 0.391795728938797
153 394 -0.0913378502708616
153 401 -0.116983928347834
153 402 0.398555554238392
154 394 0.425154555421379
154 395 -0.0577671286878700
154 402 -0.0856234681563427
154 403 0.429826398837752
155 395 0.458512369387107
155 396 -0.0235833315318289
155 403 -0.0541530361073882
155 404 0.461096487380339
156 396 0.491869376837965
156 404 -0.0221078844142691
156 405 0.492365963917331
157 397 0.363960894145968
157 398 -0.227921152919276
157 406 -0.343724770923945
157 407 0.270848801657075
158 398 0.286794494806093
158 399 -0.198479065379549
158 407 -0.215248801000253
158 408 0.298645591277000
159 399 0.316227766016838
159 400 -0.169030850945703
159 408 -0.187443685236754
159 409 0.326440969493271
160 400 0.345659542730299
160 401 -0.139572631559771
160 409 -0.159632783232723
160 410 0.354235268547085
161 401 0.375090176747726
161 402 -0.110096376512636
161 410 -0.131812432549124
161 411 0.382028723980208
162 402 0.404519917477945
162 403 -0.0805822964025380
162 411 -0.103975048982007
162 412 0.409821507431794
163 403 0.433948946665029
163 404 -0.0509647191437626
163 412 -0.0761019434147762
163 413 0.437613746934202
164 404 0.463377399878991
164 405 -0.0208062594644120
164 413 -0.0481310951111889
164 414 0.465405539935137
165 405 0.492805380304581
165 414 -0.0196494372972965
165 415 0.493196961916072
166 406 0.362863792172947
166 407 -0.230248893622864
166 416 -0.344708957188131
166 417 0.268761316791269
167 407 0.282916206749596
167 408 -0.203911847571546
167 417 -0.218729059571284
167 418 0.293775322248954
168 408 0.309247628340292
168 409 -0.177571201301144
168 418 -0.193709711056515
168 419 0.318788356531669
169 409 0.335578027607012
169 410 -0.151225073546098
169 419 -0.168686942449158
169 420 0.343800631611455
170 410 0.361907627685755
170 411 -0.124869994764617
170 420 -0.143658966607306
170 421 0.368812301952219
171 411 0.388236591175601
171 412 -0.0984987802056944
171 421 -0.118622487577607
171 422 0.393823482774631
172 412 0.414565039365564
172 413 -0.0720937250910591
172 422 -0.0935706800771819
172 423 0.418834261775195
173 413 0.440893064570871
173 414 -0.0455960752587553
173 423 -0.0684867251348742
173 424 0.443844706882252
174 414 0.467220738297454
174 415 -0.0186145197762485
174 424 -0.0433148081824210
174 425 0.468854871529131
175 415 0.493548116792825
175 425 -0.0176831963922435
175 426 0.493864798324795
176 416 0.361976047693491
176 417 -0.232132338494997
176 427 -0.345513885337826
176 428 0.267053982290780
177 417 0.279777887756690
177 418 -0.208307334358064
177 428 -0.221575285704751
177 429 0.289791870426647
178 418 0.303599132660554
178 419 -0.184480076074680
178 429 -0.198833809300456
178 430 0.312529068415485
179 419 0.327419654535027
179 420 -0.160649560654947
179 430 -0.176090181265125
179 431 0.335265716671409
180 420 0.351239600484318
180 421 -0.136814086108433
180 431 -0.153343444223432
180 432 0.358001919934799
181 421 0.375059080239208
181 422 -0.112970513523197
181 432 -0.130591973589082
181 433 0.380737757925422
182 422 0.398878177317748
182 423 -0.0891123428187957
182 433 -0.107832773203438
182 434 0.403473292392964
183 423 0.422696956411716
183 424 -0.0652235563931081
183 434 -0.0850596386005904
183 435 0.426208571910545
184 424 0.446515468408517
184 425 -0.0412509990597316
184 435 -0.0622572806364690
184 436 0.448943635211481
185 425 0.470333753886936
185 426 -0.0168406498460619
185 436 -0.0393749615479079
185 437 0.471678513560920
186 426 0.494151845601762
186 437 -0.0160747607390137
186 438 0.494413232473044
187 427 0.361242929205139
187 428 -0.233687674210717
187 439 -0.346184462611644
187 440 0.265631584999218
188 428 0.277186131146990
188 429 -0.211936919113247
188 440 -0.223946367873852
188 441 0.286473156335654
189 429 0.298934277271208
189 430 -0.190184680681588
189 441 -0.203102296319612
189 442 0.307314223771048
190 430 0.320681897575501
190 431 -0.168430384213304
190 442 -0.182256803264195
190 443 0.328154883313454
191 431 0.342429092244117
191 432 -0.146673113978214
191 443 -0.161409337961723
191 444 0.348995208036308
192 432 0.364175937529070
192 433 -0.124911316058364
192 444 -0.140559022854369
192 445 0.369835254541153
193 433 0.385922492493980
193 434 -0.103142124625879
193 445 -0.119704368799485
193 446 0.390675067351512
194 434 0.407668803599069
194 435 -0.0813596051046808
194 446 -0.0988426294316663
194 447 0.411514681971460
195 435 0.429414907892783
195 436 -0.0595491334175414
195 447 -0.0779681175585450
195 448 0.432354127059532
196 436 0.451160835280258
196 437 -0.0376621788577355
196 448 -0.0570668187097829
196 449 0.453193426002765
197 437 0.472906610165828
197 438 -0.0153755201338148
197 449 -0.0360922251885651
197 450 0.474032598075503
198 438 0.494652252662241
198 450 -0.0147345892322685
198 451 0.494871659305394
199 439 0.360627260212429
199 440 -0.234993805951421
199 452 -0.346751746866350
199 453 0.264428267297693
200 440 0.275009549108463
200 441 -0.214984853873379
200 453 -0.225952171969552
200 454 0.283665557873423
201 441 0.295016633303226
201 442 -0.194974885773612
201 454 -0.206713085379317
201 455 0.302902471944641
202 442 0.315023325927385
202 443 -0.174963553055941
202 455 -0.187473021859862
202 456 0.322139076961583
203 443 0.335029697130245
203 444 -0.154950327013326
203 456 -0.168231646227613
203 457 0.341375425170149
204 444 0.355035801248363
204 445 -0.134934365204589
204 457 -0.148988450118090
204 458 0.360611557667655
205 445 0.375041681023592
205 446 -0.114914238077121
205 458 -0.129742623503924
205 459 0.379847507226042
206 446 0.395047370539266
206 447 -0.0948873091650102
206 459 -0.110492791836050
206 460 0.399083300298492
207 447 0.415052897307109
207 448 -0.0748481188565120
207 460 -0.0912364200893559
207 461 0.418318958472346
208 448 0.435058283778293
208 449 -0.0547832134890979
208 461 -0.0719682587164029
208 462 0.437554499538735
209 449 0.455063548455876
209 450 -0.0346479464337619
209 462 -0.0526753716984874
209 463 0.456789938291936
210 450 0.475068706726137
210 451 -0.0141449648996668
210 463 -0.0333148302326385
210 464 0.476025287134897
211 451 0.495073771488337
211 464 -0.0136007224895685
211 465 0.495260556543649
212 452 0.360102901245492
212 453 -0.236106206296660
212 466 -0.347237905015316
212 467 0.263397020542416
213 453 0.273155752602985
213 454 -0.217580646904488
213 467 -0.227671102209963
213 468 0.281259414161067
214 454 0.291679939255307
214 455 -0.199054368224950
214 468 -0.209807384893814
214 469 0.299121520808059
215 455 0.310203828303810
215 456 -0.180527148811407
215 469 -0.191942973987479
215 470 0.316983388996208
216 456 0.328727470058685
216 457 -0.161998665898833
216 470 -0.174077655955698
216 471 0.334845056886334
217 457 0.347250904094591
217 458 -0.143468429957643
217 471 -0.156211119564511
217 472 0.352706554908749
218 458 0.365774161969271
218 459 -0.124935660971975
218 472 -0.138342892773215
218 473 0.370567907626496
219 459 0.384297269155816
219 460 -0.106399035319786
219 473 -0.120472223432706
219 474 0.388429135084453
220 460 0.402820246441755
220 461 -0.0878561118986134
220 474 -0.102597835208515
220 475 0.406290253802535
221 461 0.421343110959060
221 462 -0.0693018356566833
221 475 -0.0847173742087358
221 476 0.424151277517934
222 462 0.439865876953879
222 463 -0.0507237498546183
222 476 -0.0668259659778115
222 477 0.442012217747381
223 463 0.458388556369631
223 464 -0.0320805162010457
223 477 -0.0489115988044518
223 478 0.459873084218371
224 464 0.476911159294211
224 465 -0.0130968158962752
224 478 -0.0309344112444873
224 479 0.477733885203646
225 465 0.495433694306862
225 479 -0.0126289205070680
225 480 0.495594627783352
226 466 0.359650935933870
226 467 -0.237065015529217
226 481 -0.347659182928193
226 482 0.262503390470172
227 467 0.271557878245119
227 468 -0.219817998406480
227 482 -0.229160614821537
227 483 0.279174347315337
228 468 0.288803863758221
228 469 -0.202570457781348
228 483 -0.212488660763445
228 484 0.295845081603488
229 469 0.306049619037687
229 470 -0.185322247490171
229 484 -0.195816200657970
229 485 0.312515628950661
230 470 0.323295180928048
230 471 -0.168073161363204
230 485 -0.179143093214961
230 486 0.329186017757896
231 471 0.340540578809979
231 472 -0.150822898901939
231 486 -0.162469139138939
231 487 0.345856270950230
232 472 0.357785836399265
232 473 -0.133571004347866
232 487 -0.145794047950847
232 488 0.362526407235828
233 473 0.375030973049370
233 474 -0.116316751495908
233 488 -0.129117379088416
233 489 0.379196442032963
234 474 0.392276004710387
234 475 -0.0990589080364496
234 489 -0.112438430560249
234 490 0.395866388162750
235 475 0.409520944645666
235 476 -0.0817952012708366
235 490 -0.0957560111453272
235 491 0.412536256373917
236 476 0.426765803974691
236 477 -0.0645209248790614
236 491 -0.0790679239230308
236 492 0.429206055745272
237 477 0.444010592089423
237 478 -0.0472244814721371
237 492 -0.0623696194950268
237 493 0.445875793997883
238 478 0.461255316977253
238 479 -0.0298673845544749
238 493 -0.0456498871612267
238 494 0.462545477739750
239 479 0.478499985474108
239 480 -0.0121933086849912
239 494 -0.0288715236718309
239 495 0.479215112659406
240 480 0.495744603464734
240 495 -0.0117867501821119
240 496 0.495884703680465
241 1 0.447213595499958
242 1 0.462910049886276
242 2 0.471404520791032
242 3 -0.0890870806374748
243 1 -0.119522860933439
243 3 0.345032779671177
244 2 0.476731294622796
244 4 0.480384461415261
244 5 -0.0591312395989083
245 2 -0.0710669054518701
245 3 0.376050716545177
245 5 0.396664414010959
245 6 -0.144841364875580
246 3 -0.174077655955698
246 6 0.312893109387372
247 4 0.483045891539648
247 7 0.485071250072666
247 8 -0.0442807442770048
248 4 -0.0506369683541833
248 5 0.411376675603721
248 8 0.422411378337539
248 9 -0.108465228909328
249 5 -0.124034734589208
249 6 0.339683110243379
249 9 0.359738467092251
249 10 -0.171498585142509
250 6 -0.196116135138184
250 10 0.297044262893002
251 7 0.486664263392288
251 11 0.487950036474267
251 12 -0.0353996162702394
252 7 -0.0393444737682317
252 8 0.430997115920616
252 12 0.437869070965592
252 13 -0.0867109969524120
253 8 -0.0963738849304853
253 9 0.375322358866369
253 13 0.387783367164741
253 14 -0.137102124276770
254 9 -0.152380491669656
254 10 0.319636015903306
254 14 0.337690816752985
254 15 -0.187317162316339
255 10 -0.208191386110891
255 15 0.287587842088801
256 11 0.489009646921826
256 16 0.489897948556636
256 17 -0.0294883912309794
257 11 -0.0321744726043893
257 12 0.443494498951694
257 17 0.448184744516579
257 18 -0.0722315118514615
258 12 -0.0788110406239101
258 13 0.397976246989317
258 18 0.406469422348530
258 19 -0.114208048144032
259 13 -0.124611196569807
259 14 0.352453688425121
259 19 0.364751255324597
259 20 -0.156037899521099
260 14 -0.170251306151750
260 15 0.306924907022426
260 20 0.323029141234899
260 21 -0.197814142018736
261 15 -0.215832923650858
261 21 0.281301323819510
262 16 0.490653381462658
262 22 0.491303684440517
262 23 -0.0252699347859634
263 16 -0.0272165526975909
263 17 0.452155332208351
263 23 0.455560227992112
263 24 -0.0618984460590173
264 17 -0.0666666666666667
264 18 0.413655788199695
264 24 0.419815686614935
264 25 -0.0978700365857839
265 18 -0.105409255338946
265 19 0.375154289247425
265 25 0.384069757393187
265 26 -0.133715926180959
266 19 -0.144016459964619
266 20 0.336650164612069
266 26 0.348322013051861
266 27 -0.169515875905203
267 20 -0.182574185835055
267 21 0.298142396999972
267 27 0.312571830824992
267 28 -0.205293920683813
268 21 -0.221108319357027
268 28 0.276818266179133
269 22 0.491869376837965
269 29 0.492365963917331
269 30 -0.0221078844142691
270 22 -0.0235833315318289
270 23 0.458512369387107
270 30 0.461096487380339
270 31 -0.0541530361073882
271 23 -0.0577671286878700
271 24 0.425154555421379
271 31 0.429826398837752
271 32 -0.0856234681563427
272 24 -0.0913378502708616
272 25 0.391795728938797
272 32 0.398555554238392
272 33 -0.116983928347834
273 25 -0.124791260639214
273 26 0.358435607241211
273 33 0.367283760468404
273 34 -0.148304197167041
274 26 -0.158201797323251
274 27 0.325073791571436
274 34 0.336010752516124
274 35 -0.179605302026775
275 27 -0.191591891073840
275 28 0.291709700729070
275 35 0.304736156571861
275 36 -0.210895776031660
276 28 -0.224970644482239
276 36 0.273459427796934
277 29 0.492805380304581
277 37 0.493196961916072
277 38 -0.0196494372972965
278 29 -0.0208062594644120
278 30 0.463377399878991
278 38 0.465405539935137
278 39 -0.0481310951111889
279 30 -0.0509647191437626
279 31 0.433948946665029
279 39 0.437613746934202
279 40 -0.0761019434147762
280 31 -0.0805822964025380
280 32 0.404519917477945
280 40 0.409821507431794
280 41 -0.103975048982007
281 32 -0.110096376512636
281 33 0.375090176747726
281 41 0.382028723980208
281 42 -0.131812432549124
282 33 -0.139572631559771
282 34 0.345659542730299
282 42 0.354235268547085
282 43 -0.159632783232723
283 34 -0.169030850945703
283 35 0.316227766016838
283 43 0.326440969493271
283 44 -0.187443685236754
284 35 -0.198479065379549
284 36 0.286794494806093
284 44 0.298645591277000
284 45 -0.215248801000253
285 36 -0.227921152919276
285 45 0.270848801657075
286 37 0.493548116792825
286 46 0.493864798324795
286 47 -0.0176831963922435
287 37 -0.0186145197762485
287 38 0.467220738297454
287 47 0.468854871529131
287 48 -0.0433148081824210
288 38 -0.0455960752587553
288 39 0.440893064570871
288 48 0.443844706882252
288 49 -0.0684867251348742
289 39 -0.0720937250910591
289 40 0.414565039365564
289 49 0.418834261775195
289 50 -0.0935706800771819
290 40 -0.0984987802056944
290 41 0.388236591175601
290 50 0.393823482774631
290 51 -0.118622487577607
291 41 -0.124869994764617
291 42 0.361907627685755
291 51 0.368812301952219
291 52 -0.143658966607306
292 42 -0.151225073546098
292 43 0.335578027607012
292 52 0.343800631611455
292 53 -0.168686942449158
293 43 -0.177571201301144
293 44 0.309247628340292
293 53 0.318788356531669
293 54 -0.193709711056515
294 44 -0.203911847571546
294 45 0.282916206749596
294 54 0.293775322248954
294 55 -0.218729059571284
295 45 -0.230248893622864
295 55 0.268761316791269
296 46 0.494151845601762
296 56 0.494413232473044
296 57 -0.0160747607390137
297 46 -0.0168406498460619
297 47 0.470333753886936
297 57 0.471678513560920
297 58 -0.0393749615479079
298 47 -0.0412509990597316
298 48 0.446515468408517
298 58 0.448943635211481
298 59 -0.0622572806364690
299 48 -0.0652235563931081
299 49 0.422696956411716
299 59 0.426208571910545
299 60 -0.0850596386005904
300 49 -0.0891123428187957
300 50 0.398878177317748
300 60 0.403473292392964
300 61 -0.107832773203438
301 50 -0.112970513523197
301 51 0.375059080239208
301 61 0.380737757925422
301 62 -0.130591973589082
302 51 -0.136814086108433
302 52 0.351239600484318
302 62 0.358001919934799
302 63 -0.153343444223432
303 52 -0.160649560654947
303 53 0.327419654535027
303 63 0.335265716671409
303 64 -0.176090181265125
304 53 -0.184480076074680
304 54 0.303599132660554
304 64 0.312529068415485
304 65 -0.198833809300456
305 54 -0.208307334358064
305 55 0.279777887756690
305 65 0.289791870426647
305 66 -0.221575285704751
306 55 -0.232132338494997
306 66 0.267053982290780
307 56 0.494652252662241
307 67 0.494871659305394
307 68 -0.0147345892322685
308 56 -0.0153755201338148
308 57 0.472906610165828
308 68 0.474032598075503
308 69 -0.0360922251885651
309 57 -0.0376621788577355
309 58 0.451160835280258
309 69 0.453193426002765
309 70 -0.0570668187097829
310 58 -0.0595491334175414
310 59 0.429414907892783
310 70 0.432354127059532
310 71 -0.0779681175585450
311 59 -0.0813596051046808
311 60 0.407668803599069
311 71 0.411514681971460
311 72 -0.0988426294316663
312 60 -0.103142124625879
312 61 0.385922492493980
312 72 0.390675067351512
312 73 -0.119704368799485
313 61 -0.124911316058364
313 62 0.364175937529070
313 73 0.369835254541153
313 74 -0.140559022854369
314 62 -0.146673113978214
314 63 0.342429092244117
314 74 0.348995208036308
314 75 -0.161409337961723
315 63 -0.168430384213304
315 64 0.320681897575501
315 75 0.328154883313454
315 76 -0.182256803264195
316 64 -0.190184680681588
316 65 0.298934277271208
316 76 0.307314223771048
316 77 -0.203102296319612
317 65 -0.211936919113247
317 66 0.277186131146990
317 77 0.286473156335654
317 78 -0.223946367873852
318 66 -0.233687674210717
318 78 0.265631584999218
319 67 0.495073771488337
319 79 0.495260556543649
319 80 -0.0136007224895685
320 67 -0.0141449648996668
320 68 0.475068706726137
320 80 0.476025287134897
320 81 -0.0333148302326385
321 68 -0.0346479464337619
321 69 0.455063548455876
321 81 0.456789938291936
321 82 -0.0526753716984874
322 69 -0.0547832134890979
322 70 0.435058283778293
322 82 0.437554499538735
322 83 -0.0719682587164029
323 70 -0.0748481188565120
323 71 0.415052897307109
323 83 0.418318958472346
323 84 -0.0912364200893559
324 71 -0.0948873091650102
324 72 0.395047370539266
324 84 0.399083300298492
324 85 -0.110492791836050
325 72 -0.114914238077121
325 73 0.375041681023592
325 85 0.379847507226042
325 86 -0.129742623503924
326 73 -0.134934365204589
326 74 0.355035801248363
326 86 0.360611557667655
326 87 -0.148988450118090
327 74 -0.154950327013326
327 75 0.335029697130245
327 87 0.341375425170149
327 88 -0.168231646227613
328 75 -0.174963553055941
328 76 0.315023325927385
328 88 0.322139076961583
328 89 -0.187473021859862
329 76 -0.194974885773612
329 77 0.295016633303226
329 89 0.302902471944641
329 90 -0.206713085379317
330 77 -0.214984853873379
330 78 0.275009549108463
330 90 0.283665557873423
330 91 -0.225952171969552
331 78 -0.234993805951421
331 91 0.264428267297693
332 79 0.495433694306862
332 92 0.495594627783352
332 93 -0.0126289205070680
333 79 -0.0130968158962752
333 80 0.476911159294211
333 93 0.477733885203646
333 94 -0.0309344112444873
334 80 -0.0320805162010457
334 81 0.458388556369631
334 94 0.459873084218371
334 95 -0.0489115988044518
335 81 -0.0507237498546183
335 82 0.439865876953879
335 95 0.442012217747381
335 96 -0.0668259659778115
336 82 -0.0693018356566833
336 83 0.421343110959060
336 96 0.424151277517934
336 97 -0.0847173742087358
337 83 -0.0878561118986134
337 84 0.402820246441755
337 97 0.406290253802535
337 98 -0.102597835208515
338 84 -0.106399035319786
338 85 0.384297269155816
338 98 0.388429135084453
338 99 -0.120472223432706
339 85 -0.124935660971975
339 86 0.365774161969271
339 99 0.370567907626496
339 100 -0.138342892773215
340 86 -0.143468429957643
340 87 0.347250904094591
340 100 0.352706554908749
340 101 -0.156211119564511
341 87 -0.161998665898833
341 88 0.328727470058685
341 101 0.334845056886334
341 102 -0.174077655955698
342 88 -0.180527148811407
342 89 0.310203828303810
342 102 0.316983388996208
342 103 -0.191942973987479
343 89 -0.199054368224950
343 90 0.291679939255307
343 103 0.299121520808059
343 104 -0.209807384893814
344 90 -0.217580646904488
344 91 0.273155752602985
344 104 0.281259414161067
344 105 -0.227671102209963
345 91 -0.236106206296660
345 105 0.263397020542416
346 92 0.495744603464734
346 106 0.495884703680465
346 107 -0.0117867501821119
347 92 -0.0121933086849912
347 93 0.478499985474108
347 107 0.479215112659406
347 108 -0.0288715236718309
348 93 -0.0298673845544749
348 94 0.461255316977253
348 108 0.462545477739750
348 109 -0.0456498871612267
349 94 -0.0472244814721371
349 95 0.444010592089423
349 109 0.445875793997883
349 110 -0.0623696194950268
350 95 -0.0645209248790614
350 96 0.426765803974691
350 110 0.429206055745272
350 111 -0.0790679239230308
351 96 -0.0817952012708366
351 97 0.409520944645666
351 111 0.412536256373917
351 112 -0.0957560111453272
352 97 -0.0990589080364496
352 98 0.392276004710387
352 112 0.395866388162750
352 113 -0.112438430560249
353 98 -0.116316751495908
353 99 0.375030973049370
353 113 0.379196442032963
353 114 -0.129117379088416
354 99 -0.133571004347866
354 100 0.357785836399265
354 114 0.362526407235828
354 115 -0.145794047950847
355 100 -0.150822898901939
355 101 0.340540578809979
355 115 0.345856270950230
355 116 -0.162469139138939
356 101 -0.168073161363204
356 102 0.323295180928048
356 116 0.329186017757896
356 117 -0.179143093214961
357 102 -0.185322247490171
357 103 0.306049619037687
357 117 0.312515628950661
357 118 -0.195816200657970
358 103 -0.202570457781348
358 104 0.288803863758221
358 118 0.295845081603488
358 119 -0.212488660763445
359 104 -0.219817998406480
359 105 0.271557878245119
359 119 0.279174347315337
359 120 -0.229160614821537
360 105 -0.237065015529217
360 120 0.262503390470172
361 121 0.577350269189626
362 121 -0.258198889747161
362 122 0.414039335605413
363 121 0.447213595499958
363 122 -0.119522860933439
363 123 0.462910049886276
364 122 -0.308606699924184
364 124 0.389249472080761
365 122 0.345032779671177
365 123 -0.0890870806374748
365 124 -0.174077655955698
365 125 0.376050716545177
366 123 0.471404520791032
366 125 -0.0710669054518701
366 126 0.476731294622796
367 124 -0.323875137815648
367 127 0.378932373372537
368 124 0.312893109387372
368 125 -0.144841364875580
368 127 -0.196116135138184
368 128 0.339683110243379
369 125 0.396664414010959
369 126 -0.0591312395989083
369 128 -0.124034734589208
369 129 0.411376675603721
370 126 0.480384461415261
370 129 -0.0506369683541833
370 130 0.483045891539648
371 127 -0.331366747831806
371 131 0.373254451345080
372 127 0.297044262893002
372 128 -0.171498585142509
372 131 -0.208191386110891
372 132 0.319636015903306
373 128 0.359738467092251
373 129 -0.108465228909328
373 132 -0.152380491669656
373 133 0.375322358866369
374 129 0.422411378337539
374 130 -0.0442807442770048
374 133 -0.0963738849304853
374 134 0.430997115920616
375 130 0.485071250072666
375 134 -0.0393444737682317
375 135 0.486664263392288
376 131 -0.335830247129734
376 136 0.369656546990472
377 131 0.287587842088801
377 132 -0.187317162316339
377 136 -0.215832923650858
377 137 0.306924907022426
378 132 0.337690816752985
378 133 -0.137102124276770
378 137 -0.170251306151750
378 138 0.352453688425121
379 133 0.387783367164741
379 134 -0.0867109969524120
379 138 -0.124611196569807
379 139 0.397976246989317
380 134 0.437869070965592
380 135 -0.0353996162702394
380 139 -0.0788110406239101
380 140 0.443494498951694
381 135 0.487950036474267
381 140 -0.0321744726043893
381 141 0.489009646921826
382 136 -0.338795821543968
382 142 0.367171369819073
383 136 0.281301323819510
383 137 -0.197814142018736
383 142 -0.221108319357027
383 143 0.298142396999972
384 137 0.323029141234899
384 138 -0.156037899521099
384 143 -0.182574185835055
384 144 0.336650164612069
385 138 0.364751255324597
385 139 -0.114208048144032
385 144 -0.144016459964619
385 145 0.375154289247425
386 139 0.406469422348530
386 140 -0.0722315118514615
386 145 -0.105409255338946
386 146 0.413655788199695
387 140 0.448184744516579
387 141 -0.0294883912309794
387 146 -0.0666666666666667
387 147 0.452155332208351
388 141 0.489897948556636
388 147 -0.0272165526975909
388 148 0.490653381462658
389 142 -0.340910058437421
389 149 0.365351401083446
390 142 0.276818266179133
390 143 -0.205293920683813
390 149 -0.224970644482239
390 150 0.291709700729070
391 143 0.312571830824992
391 144 -0.169515875905203
391 150 -0.191591891073840
391 151 0.325073791571436
392 144 0.348322013051861
392 145 -0.133715926180959
392 151 -0.158201797323251
392 152 0.358435607241211
393 145 0.384069757393187
393 146 -0.0978700365857839
393 152 -0.124791260639214
393 153 0.391795728938797
394 146 0.419815686614935
394 147 -0.0618984460590173
394 153 -0.0913378502708616
394 154 0.425154555421379
395 147 0.455560227992112
395 148 -0.0252699347859634
395 154 -0.0577671286878700
395 155 0.458512369387107
396 148 0.491303684440517
396 155 -0.0235833315318289
396 156 0.491869376837965
397 149 -0.342493872625371
397 157 0.363960894145968
398 149 0.273459427796934
398 150 -0.210895776031660
398 157 -0.227921152919276
398 158 0.286794494806093
399 150 0.304736156571861
399 151 -0.179605302026775
399 158 -0.198479065379549
399 159 0.316227766016838
400 151 0.336010752516124
400 152 -0.148304197167041
400 159 -0.169030850945703
400 160 0.345659542730299
401 152 0.367283760468404
401 153 -0.116983928347834
401 160 -0.139572631559771
401 161 0.375090176747726
402 153 0.398555554238392
402 154 -0.0856234681563427
402 161 -0.110096376512636
402 162 0.404519917477945
403 154 0.429826398837752
403 155 -0.0541530361073882
403 162 -0.0805822964025380
403 163 0.433948946665029
404 155 0.461096487380339
404 156 -0.0221078844142691
404 163 -0.0509647191437626
404 164 0.463377399878991
405 156 0.492365963917331
405 164 -0.0208062594644120
405 165 0.492805380304581
406 157 -0.343724770923945
406 166 0.362863792172947
407 157 0.270848801657075
407 158 -0.215248801000253
407 166 -0.230248893622864
407 167 0.282916206749596
408 158 0.298645591277000
408 159 -0.187443685236754
408 167 -0.203911847571546
408 168 0.309247628340292
409 159 0.326440969493271
409 160 -0.159632783232723
409 168 -0.177571201301144
409 169 0.335578027607012
410 160 0.354235268547085
410 161 -0.131812432549124
410 169 -0.151225073546098
410 170 0.361907627685755
411 161 0.382028723980208
411 162 -0.103975048982007
411 170 -0.124869994764617
411 171 0.388236591175601
412 162 0.409821507431794
412 163 -0.0761019434147762
412 171 -0.0984987802056944
412 172 0.414565039365564
413 163 0.437613746934202
413 164 -0.0481310951111889
413 172 -0.0720937250910591
413 173 0.440893064570871
414 164 0.465405539935137
414 165 -0.0196494372972965
414 173 -0.0455960752587553
414 174 0.467220738297454
415 165 0.493196961916072
415 174 -0.0186145197762485
415 175 0.493548116792825
416 166 -0.344708957188131
416 176 0.361976047693491
417 166 0.268761316791269
417 167 -0.218729059571284
417 176 -0.232132338494997
