66 66 0
1 31 0.447213595499958
1 32 0.462910049886276
1 33 -0.119522860933439
2 32 0.471404520791032
2 34 0.476731294622796
2 35 -0.0710669054518701
3 32 -0.0890870806374748
3 33 0.345032779671177
3 35 0.376050716545177
3 36 -0.174077655955698
4 34 0.480384461415261
4 37 0.483045891539648
4 38 -0.0506369683541833
5 34 -0.0591312395989083
5 35 0.396664414010959
5 38 0.411376675603721
5 39 -0.124034734589208
6 35 -0.144841364875580
6 36 0.312893109387372
6 39 0.339683110243379
6 40 -0.196116135138184
7 37 0.485071250072666
7 41 0.486664263392288
7 42 -0.0393444737682317
8 37 -0.0442807442770048
8 38 0.422411378337539
8 42 0.430997115920616
8 43 -0.0963738849304853
9 38 -0.108465228909328
9 39 0.359738467092251
9 43 0.375322358866369
9 44 -0.152380491669656
10 39 -0.171498585142509
10 40 0.297044262893002
10 44 0.319636015903306
10 45 -0.208191386110891
11 41 0.487950036474267
12 41 -0.0353996162702394
12 42 0.437869070965592
13 42 -0.0867109969524120
13 43 0.387783367164741
14 43 -0.137102124276770
14 44 0.337690816752985
15 44 -0.187317162316339
15 45 0.287587842088801
16 46 0.577350269189626
16 47 -0.258198889747161
16 48 0.447213595499958
17 47 0.414039335605413
17 48 -0.119522860933439
17 49 -0.308606699924184
17 50 0.345032779671177
18 48 0.462910049886276
18 50 -0.0890870806374748
18 51 0.471404520791032
19 49 0.389249472080761
19 50 -0.174077655955698
19 52 -0.323875137815648
19 53 0.312893109387372
20 50 0.376050716545177
20 51 -0.0710669054518701
20 53 -0.144841364875580
20 54 0.396664414010959
21 51 0.476731294622796
21 54 -0.0591312395989083
21 55 0.480384461415261
22 52 0.378932373372537
22 53 -0.196116135138184
22 56 -0.331366747831806
22 57 0.297044262893002
23 53 0.339683110243379
23 54 -0.124034734589208
23 57 -0.171498585142509
23 58 0.359738467092251
24 54 0.411376675603721
24 55 -0.0506369683541833
24 58 -0.108465228909328
24 59 0.422411378337539
25 55 0.483045891539648
25 59 -0.0442807442770048
25 60 0.485071250072666
26 56 0.373254451345080
26 57 -0.208191386110891
26 61 -0.335830247129734
26 62 0.287587842088801
27 57 0.319636015903306
27 58 -0.152380491669656
27 62 -0.187317162316339
27 63 0.337690816752985
28 58 0.375322358866369
28 59 -0.0963738849304853
28 63 -0.137102124276770
28 64 0.387783367164741
29 59 0.430997115920616
29 60 -0.0393444737682317
29 64 -0.0867109969524120
29 65 0.437869070965592
30 60 0.486664263392288
30 65 -0.0353996162702394
30 66 0.487950036474267
31 1 0.447213595499958
32 1 0.462910049886276
32 2 0.471404520791032
32 3 -0.0890870806374748
33 1 -0.119522860933439
33 3 0.345032779671177
34 2 0.476731294622796
34 4 0.480384461415261
34 5 -0.0591312395989083
35 2 -0.0710669054518701
35 3 0.376050716545177
35 5 0.396664414010959
35 6 -0.144841364875580
36 3 -0.174077655955698
36 6 0.312893109387372
37 4 0.483045891539648
37 7 0.485071250072666
37 8 -0.0442807442770048
38 4 -0.0506369683541833
38 5 0.411376675603721
38 8 0.422411378337539
38 9 -0.108465228909328
39 5 -0.124034734589208
39 6 0.339683110243379
39 9 0.359738467092251
39 10 -0.171498585142509
40 6 -0.196116135138184
40 10 0.297044262893002
41 7 0.486664263392288
41 11 0.487950036474267
41 12 -0.0353996162702394
42 7 -0.0393444737682317
42 8 0.430997115920616
42 12 0.437869070965592
42 13 -0.0867109969524120
43 8 -0.0963738849304853
43 9 0.375322358866369
43 13 0.387783367164741
43 14 -0.137102124276770
44 9 -0.152380491669656
44 10 0.319636015903306
44 14 0.337690816752985
44 15 -0.187317162316339
45 10 -0.208191386110891
45 15 0.287587842088801
46 16 0.577350269189626
47 16 -0.258198889747161
47 17 0.414039335605413
48 16 0.447213595499958
48 17 -0.119522860933439
48 18 0.462910049886276
49 17 -0.308606699924184
49 19 0.389249472080761
50 17 0.345032779671177
50 18 -0.0890870806374748
50 19 -0.174077655955698
50 20 0.376050716545177
51 18 0.471404520791032
51 20 -0.0710669054518701
51 21 0.476731294622796
52 19 -0.323875137815648
52 22 0.378932373372537
53 19 0.312893109387372
53 20 -0.144841364875580
53 22 -0.196116135138184
53 23 0.339683110243379
54 20 0.396664414010959
54 21 -0.0591312395989083
54 23 -0.124034734589208
54 24 0.411376675603721
55 21 0.480384461415261
55 24 -0.0506369683541833
55 25 0.483045891539648
56 22 -0.331366747831806
56 26 0.373254451345080
57 22 0.297044262893002
57 23 -0.171498585142509
57 26 -0.208191386110891
57 27 0.319636015903306
58 23 0.359738467092251
58 24 -0.108465228909328
58 27 -0.152380491669656
58 28 0.375322358866369
59 24 0.422411378337539
59 25 -0.0442807442770048
59 28 -0.0963738849304853
59 29 0.430997115920616
60 25 0.485071250072666
60 29 -0.0393444737682317
60 30 0.486664263392288
61 26 -0.335830247129734
62 26 0.287587842088801
62 27 -0.187317162316339
63 27 0.337690816752985
63 28 -0.137102124276770
64 28 0.387783367164741
64 29 -0.0867109969524120
65 29 0.437869070965592
65 30 -0.0353996162702394
66 30 0.487950036474267
