231 231 0
1 56 0.447213595499958
1 57 -0.119522860933439
1 58 -0.462910049886276
2 58 0.471404520791032
2 60 -0.0710669054518701
2 61 -0.476731294622796
3 57 0.345032779671177
3 58 0.0890870806374748
3 59 -0.174077655955698
3 60 -0.376050716545177
4 61 0.480384461415261
4 64 -0.0506369683541833
4 65 -0.483045891539648
5 60 0.396664414010959
5 61 0.0591312395989083
5 63 -0.124034734589208
5 64 -0.411376675603721
6 59 0.312893109387372
6 60 0.144841364875580
6 62 -0.196116135138184
6 63 -0.339683110243379
7 65 0.485071250072666
7 69 -0.0393444737682317
7 70 -0.486664263392288
8 64 0.422411378337539
8 65 0.0442807442770048
8 68 -0.0963738849304853
8 69 -0.430997115920616
9 63 0.359738467092251
9 64 0.108465228909328
9 67 -0.152380491669656
9 68 -0.375322358866369
10 62 0.297044262893002
10 63 0.171498585142509
10 66 -0.208191386110891
10 67 -0.319636015903306
11 70 0.487950036474267
11 75 -0.0321744726043893
11 76 -0.489009646921826
12 69 0.437869070965592
12 70 0.0353996162702394
12 74 -0.0788110406239101
12 75 -0.443494498951694
13 68 0.387783367164741
13 69 0.0867109969524120
13 73 -0.124611196569807
13 74 -0.397976246989317
14 67 0.337690816752985
14 68 0.137102124276770
14 72 -0.170251306151750
14 73 -0.352453688425121
15 66 0.287587842088801
15 67 0.187317162316339
15 71 -0.215832923650858
15 72 -0.306924907022426
16 76 0.489897948556636
16 82 -0.0272165526975909
16 83 -0.490653381462658
17 75 0.448184744516579
17 76 0.0294883912309794
17 81 -0.0666666666666667
17 82 -0.452155332208351
18 74 0.406469422348530
18 75 0.0722315118514615
18 80 -0.105409255338946
18 81 -0.413655788199695
19 73 0.364751255324597
19 74 0.114208048144032
19 79 -0.144016459964619
19 80 -0.375154289247425
20 72 0.323029141234899
20 73 0.156037899521099
20 78 -0.182574185835055
20 79 -0.336650164612069
21 71 0.281301323819510
21 72 0.197814142018736
21 77 -0.221108319357027
21 78 -0.298142396999972
22 83 0.491303684440517
22 90 -0.0235833315318289
22 91 -0.491869376837965
23 82 0.455560227992112
23 83 0.0252699347859634
23 89 -0.0577671286878700
23 90 -0.458512369387107
24 81 0.419815686614935
24 82 0.0618984460590173
24 88 -0.0913378502708616
24 89 -0.425154555421379
25 80 0.384069757393187
25 81 0.0978700365857839
25 87 -0.124791260639214
25 88 -0.391795728938797
26 79 0.348322013051861
26 80 0.133715926180959
26 86 -0.158201797323251
26 87 -0.358435607241211
27 78 0.312571830824992
27 79 0.169515875905203
27 85 -0.191591891073840
27 86 -0.325073791571436
28 77 0.276818266179133
28 78 0.205293920683813
28 84 -0.224970644482239
28 85 -0.291709700729070
29 91 0.492365963917331
29 99 -0.0208062594644120
29 100 -0.492805380304581
30 90 0.461096487380339
30 91 0.0221078844142691
30 98 -0.0509647191437626
30 99 -0.463377399878991
31 89 0.429826398837752
31 90 0.0541530361073882
31 97 -0.0805822964025380
31 98 -0.433948946665029
32 88 0.398555554238392
32 89 0.0856234681563427
32 96 -0.110096376512636
32 97 -0.404519917477945
33 87 0.367283760468404
33 88 0.116983928347834
33 95 -0.139572631559771
33 96 -0.375090176747726
34 86 0.336010752516124
34 87 0.148304197167041
34 94 -0.169030850945703
34 95 -0.345659542730299
35 85 0.304736156571861
35 86 0.179605302026775
35 93 -0.198479065379549
35 94 -0.316227766016838
36 84 0.273459427796934
36 85 0.210895776031660
36 92 -0.227921152919276
36 93 -0.286794494806093
37 100 0.493196961916072
37 109 -0.0186145197762485
37 110 -0.493548116792825
38 99 0.465405539935137
38 100 0.0196494372972965
38 108 -0.0455960752587553
38 109 -0.467220738297454
39 98 0.437613746934202
39 99 0.0481310951111889
39 107 -0.0720937250910591
39 108 -0.440893064570871
40 97 0.409821507431794
40 98 0.0761019434147762
40 106 -0.0984987802056944
40 107 -0.414565039365564
41 96 0.382028723980208
41 97 0.103975048982007
41 105 -0.124869994764617
41 106 -0.388236591175601
42 95 0.354235268547085
42 96 0.131812432549124
42 104 -0.151225073546098
42 105 -0.361907627685755
43 94 0.326440969493271
43 95 0.159632783232723
43 103 -0.177571201301144
43 104 -0.335578027607012
44 93 0.298645591277000
44 94 0.187443685236754
44 102 -0.203911847571546
44 103 -0.309247628340292
45 92 0.270848801657075
45 93 0.215248801000253
45 101 -0.230248893622864
45 102 -0.282916206749596
46 110 0.493864798324795
47 109 0.468854871529131
47 110 0.0176831963922435
48 108 0.443844706882252
48 109 0.0433148081824210
49 107 0.418834261775195
49 108 0.0684867251348742
50 106 0.393823482774631
50 107 0.0935706800771819
51 105 0.368812301952219
51 106 0.118622487577607
52 104 0.343800631611455
52 105 0.143658966607306
53 103 0.318788356531669
53 104 0.168686942449158
54 102 0.293775322248954
54 103 0.193709711056515
55 101 0.268761316791269
55 102 0.218729059571284
56 1 0.447213595499958
57 1 -0.119522860933439
57 3 0.345032779671177
58 1 -0.462910049886276
58 2 0.471404520791032
58 3 0.0890870806374748
59 3 -0.174077655955698
59 6 0.312893109387372
60 2 -0.0710669054518701
60 3 -0.376050716545177
60 5 0.396664414010959
60 6 0.144841364875580
61 2 -0.476731294622796
61 4 0.480384461415261
61 5 0.0591312395989083
62 6 -0.196116135138184
62 10 0.297044262893002
63 5 -0.124034734589208
63 6 -0.339683110243379
63 9 0.359738467092251
63 10 0.171498585142509
64 4 -0.0506369683541833
64 5 -0.411376675603721
64 8 0.422411378337539
64 9 0.108465228909328
65 4 -0.483045891539648
65 7 0.485071250072666
65 8 0.0442807442770048
66 10 -0.208191386110891
66 15 0.287587842088801
67 9 -0.152380491669656
67 10 -0.319636015903306
67 14 0.337690816752985
67 15 0.187317162316339
68 8 -0.0963738849304853
68 9 -0.375322358866369
68 13 0.387783367164741
68 14 0.137102124276770
69 7 -0.0393444737682317
69 8 -0.430997115920616
69 12 0.437869070965592
69 13 0.0867109969524120
70 7 -0.486664263392288
70 11 0.487950036474267
70 12 0.0353996162702394
71 15 -0.215832923650858
71 21 0.281301323819510
72 14 -0.170251306151750
72 15 -0.306924907022426
72 20 0.323029141234899
72 21 0.197814142018736
73 13 -0.124611196569807
73 14 -0.352453688425121
73 19 0.364751255324597
73 20 0.156037899521099
74 12 -0.0788110406239101
74 13 -0.397976246989317
74 18 0.406469422348530
74 19 0.114208048144032
75 11 -0.0321744726043893
75 12 -0.443494498951694
75 17 0.448184744516579
75 18 0.0722315118514615
76 11 -0.489009646921826
76 16 0.489897948556636
76 17 0.0294883912309794
77 21 -0.221108319357027
77 28 0.276818266179133
78 20 -0.182574185835055
78 21 -0.298142396999972
78 27 0.312571830824992
78 28 0.205293920683813
79 19 -0.144016459964619
79 20 -0.336650164612069
79 26 0.348322013051861
79 27 0.169515875905203
80 18 -0.105409255338946
80 19 -0.375154289247425
80 25 0.384069757393187
80 26 0.133715926180959
81 17 -0.0666666666666667
81 18 -0.413655788199695
81 24 0.419815686614935
81 25 0.0978700365857839
82 16 -0.0272165526975909
82 17 -0.452155332208351
82 23 0.455560227992112
82 24 0.0618984460590173
83 16 -0.490653381462658
83 22 0.491303684440517
83 23 0.0252699347859634
84 28 -0.224970644482239
84 36 0.273459427796934
85 27 -0.191591891073840
85 28 -0.291709700729070
85 35 0.304736156571861
85 36 0.210895776031660
86 26 -0.158201797323251
86 27 -0.325073791571436
86 34 0.336010752516124
86 35 0.179605302026775
87 25 -0.124791260639214
87 26 -0.358435607241211
87 33 0.367283760468404
87 34 0.148304197167041
88 24 -0.0913378502708616
88 25 -0.391795728938797
88 32 0.398555554238392
88 33 0.116983928347834
89 23 -0.0577671286878700
89 24 -0.425154555421379
89 31 0.429826398837752
89 32 0.0856234681563427
90 22 -0.0235833315318289
90 23 -0.458512369387107
90 30 0.461096487380339
90 31 0.0541530361073882
91 22 -0.491869376837965
91 29 0.492365963917331
91 30 0.0221078844142691
92 36 -0.227921152919276
92 45 0.270848801657075
93 35 -0.198479065379549
93 36 -0.286794494806093
93 44 0.298645591277000
93 45 0.215248801000253
94 34 -0.169030850945703
94 35 -0.316227766016838
94 43 0.326440969493271
94 44 0.187443685236754
95 33 -0.139572631559771
95 34 -0.345659542730299
95 42 0.354235268547085
95 43 0.159632783232723
96 32 -0.110096376512636
96 33 -0.375090176747726
96 41 0.382028723980208
96 42 0.131812432549124
97 31 -0.0805822964025380
97 32 -0.404519917477945
97 40 0.409821507431794
97 41 0.103975048982007
98 30 -0.0509647191437626
98 31 -0.433948946665029
98 39 0.437613746934202
98 40 0.0761019434147762
99 29 -0.0208062594644120
99 30 -0.463377399878991
99 38 0.465405539935137
99 39 0.0481310951111889
100 29 -0.492805380304581
100 37 0.493196961916072
100 38 0.0196494372972965
101 45 -0.230248893622864
101 55 0.268761316791269
102 44 -0.203911847571546
102 45 -0.282916206749596
102 54 0.293775322248954
102 55 0.218729059571284
103 43 -0.177571201301144
103 44 -0.309247628340292
103 53 0.318788356531669
103 54 0.193709711056515
104 42 -0.151225073546098
104 43 -0.335578027607012
104 52 0.343800631611455
104 53 0.168686942449158
105 41 -0.124869994764617
105 42 -0.361907627685755
105 51 0.368812301952219
105 52 0.143658966607306
106 40 -0.0984987802056944
106 41 -0.388236591175601
106 50 0.393823482774631
106 51 0.118622487577607
107 39 -0.0720937250910591
107 40 -0.414565039365564
107 49 0.418834261775195
107 50 0.0935706800771819
108 38 -0.0455960752587553
108 39 -0.440893064570871
108 48 0.443844706882252
108 49 0.0684867251348742
109 37 -0.0186145197762485
109 38 -0.467220738297454
109 47 0.468854871529131
109 48 0.0433148081824210
110 37 -0.493548116792825
110 46 0.493864798324795
110 47 0.0176831963922435
111 166 0.577350269189626
111 167 -0.258198889747161
111 168 -0.447213595499958
112 168 0.462910049886276
112 170 -0.0890870806374748
112 171 -0.471404520791032
113 167 0.414039335605413
113 168 0.119522860933439
113 169 -0.308606699924184
113 170 -0.345032779671177
114 171 0.476731294622796
114 174 -0.0591312395989083
114 175 -0.480384461415261
115 170 0.376050716545177
115 171 0.0710669054518701
115 173 -0.144841364875580
115 174 -0.396664414010959
116 169 0.389249472080761
116 170 0.174077655955698
116 172 -0.323875137815648
116 173 -0.312893109387372
117 175 0.483045891539648
117 179 -0.0442807442770048
117 180 -0.485071250072666
118 174 0.411376675603721
118 175 0.0506369683541833
118 178 -0.108465228909328
118 179 -0.422411378337539
119 173 0.339683110243379
119 174 0.124034734589208
119 177 -0.171498585142509
119 178 -0.359738467092251
120 172 0.378932373372537
120 173 0.196116135138184
120 176 -0.331366747831806
120 177 -0.297044262893002
121 180 0.486664263392288
121 185 -0.0353996162702394
121 186 -0.487950036474267
122 179 0.430997115920616
122 180 0.0393444737682317
122 184 -0.0867109969524120
122 185 -0.437869070965592
123 178 0.375322358866369
123 179 0.0963738849304853
123 183 -0.137102124276770
123 184 -0.387783367164741
124 177 0.319636015903306
124 178 0.152380491669656
124 182 -0.187317162316339
124 183 -0.337690816752985
125 176 0.373254451345080
125 177 0.208191386110891
125 181 -0.335830247129734
125 182 -0.287587842088801
126 186 0.489009646921826
126 192 -0.0294883912309794
126 193 -0.489897948556636
127 185 0.443494498951694
127 186 0.0321744726043893
127 191 -0.0722315118514615
127 192 -0.448184744516579
128 184 0.397976246989317
128 185 0.0788110406239101
128 190 -0.114208048144032
128 191 -0.406469422348530
129 183 0.352453688425121
129 184 0.124611196569807
129 189 -0.156037899521099
129 190 -0.364751255324597
130 182 0.306924907022426
130 183 0.170251306151750
130 188 -0.197814142018736
130 189 -0.323029141234899
131 181 0.369656546990472
131 182 0.215832923650858
131 187 -0.338795821543968
131 188 -0.281301323819510
132 193 0.490653381462658
132 200 -0.0252699347859634
132 201 -0.491303684440517
133 192 0.452155332208351
133 193 0.0272165526975909
133 199 -0.0618984460590173
133 200 -0.455560227992112
134 191 0.413655788199695
134 192 0.0666666666666667
134 198 -0.0978700365857839
134 199 -0.419815686614935
135 190 0.375154289247425
135 191 0.105409255338946
135 197 -0.133715926180959
135 198 -0.384069757393187
136 189 0.336650164612069
136 190 0.144016459964619
136 196 -0.169515875905203
136 197 -0.348322013051861
137 188 0.298142396999972
137 189 0.182574185835055
137 195 -0.205293920683813
137 196 -0.312571830824992
138 187 0.367171369819073
138 188 0.221108319357027
138 194 -0.340910058437421
138 195 -0.276818266179133
139 201 0.491869376837965
139 209 -0.0221078844142691
139 210 -0.492365963917331
140 200 0.458512369387107
140 201 0.0235833315318289
140 208 -0.0541530361073882
140 209 -0.461096487380339
141 199 0.425154555421379
141 200 0.0577671286878700
141 207 -0.0856234681563427
141 208 -0.429826398837752
142 198 0.391795728938797
142 199 0.0913378502708616
142 206 -0.116983928347834
142 207 -0.398555554238392
143 197 0.358435607241211
143 198 0.124791260639214
143 205 -0.148304197167041
143 206 -0.367283760468404
144 196 0.325073791571436
144 197 0.158201797323251
144 204 -0.179605302026775
144 205 -0.336010752516124
145 195 0.291709700729070
145 196 0.191591891073840
145 203 -0.210895776031660
145 204 -0.304736156571861
146 194 0.365351401083446
146 195 0.224970644482239
146 202 -0.342493872625371
146 203 -0.273459427796934
147 210 0.492805380304581
147 219 -0.0196494372972965
147 220 -0.493196961916072
148 209 0.463377399878991
148 210 0.0208062594644120
148 218 -0.0481310951111889
148 219 -0.465405539935137
149 208 0.433948946665029
149 209 0.0509647191437626
149 217 -0.0761019434147762
149 218 -0.437613746934202
150 207 0.404519917477945
150 208 0.0805822964025380
150 216 -0.103975048982007
150 217 -0.409821507431794
151 206 0.375090176747726
151 207 0.110096376512636
151 215 -0.131812432549124
151 216 -0.382028723980208
152 205 0.345659542730299
152 206 0.139572631559771
152 214 -0.159632783232723
152 215 -0.354235268547085
153 204 0.316227766016838
153 205 0.169030850945703
153 213 -0.187443685236754
153 214 -0.326440969493271
154 203 0.286794494806093
154 204 0.198479065379549
154 212 -0.215248801000253
154 213 -0.298645591277000
155 202 0.363960894145968
155 203 0.227921152919276
155 211 -0.343724770923945
155 212 -0.270848801657075
156 220 0.493548116792825
156 230 -0.0176831963922435
156 231 -0.493864798324795
157 219 0.467220738297454
157 220 0.0186145197762485
157 229 -0.0433148081824210
157 230 -0.468854871529131
158 218 0.440893064570871
158 219 0.0455960752587553
158 228 -0.0684867251348742
158 229 -0.443844706882252
159 217 0.414565039365564
159 218 0.0720937250910591
159 227 -0.0935706800771819
159 228 -0.418834261775195
160 216 0.388236591175601
160 217 0.0984987802056944
160 226 -0.118622487577607
160 227 -0.393823482774631
161 215 0.361907627685755
161 216 0.124869994764617
161 225 -0.143658966607306
161 226 -0.368812301952219
162 214 0.335578027607012
162 215 0.151225073546098
162 224 -0.168686942449158
162 225 -0.343800631611455
163 213 0.309247628340292
163 214 0.177571201301144
163 223 -0.193709711056515
163 224 -0.318788356531669
164 212 0.282916206749596
164 213 0.203911847571546
164 222 -0.218729059571284
164 223 -0.293775322248954
165 211 0.362863792172947
165 212 0.230248893622864
165 221 -0.344708957188131
165 222 -0.268761316791269
166 111 0.577350269189626
167 111 -0.258198889747161
167 113 0.414039335605413
168 111 -0.447213595499958
168 112 0.462910049886276
168 113 0.119522860933439
169 113 -0.308606699924184
169 116 0.389249472080761
170 112 -0.0890870806374748
170 113 -0.345032779671177
170 115 0.376050716545177
170 116 0.174077655955698
171 112 -0.471404520791032
171 114 0.476731294622796
171 115 0.0710669054518701
172 116 -0.323875137815648
172 120 0.378932373372537
173 115 -0.144841364875580
173 116 -0.312893109387372
173 119 0.339683110243379
173 120 0.196116135138184
174 114 -0.0591312395989083
174 115 -0.396664414010959
174 118 0.411376675603721
174 119 0.124034734589208
175 114 -0.480384461415261
175 117 0.483045891539648
175 118 0.0506369683541833
176 120 -0.331366747831806
176 125 0.373254451345080
177 119 -0.171498585142509
177 120 -0.297044262893002
177 124 0.319636015903306
177 125 0.208191386110891
178 118 -0.108465228909328
178 119 -0.359738467092251
178 123 0.375322358866369
178 124 0.152380491669656
179 117 -0.0442807442770048
179 118 -0.422411378337539
179 122 0.430997115920616
179 123 0.0963738849304853
180 117 -0.485071250072666
180 121 0.486664263392288
180 122 0.0393444737682317
181 125 -0.335830247129734
181 131 0.369656546990472
182 124 -0.187317162316339
182 125 -0.287587842088801
182 130 0.306924907022426
182 131 0.215832923650858
183 123 -0.137102124276770
183 124 -0.337690816752985
183 129 0.352453688425121
183 130 0.170251306151750
184 122 -0.0867109969524120
184 123 -0.387783367164741
184 128 0.397976246989317
184 129 0.124611196569807
185 121 -0.0353996162702394
185 122 -0.437869070965592
185 127 0.443494498951694
185 128 0.0788110406239101
186 121 -0.487950036474267
186 126 0.489009646921826
186 127 0.0321744726043893
187 131 -0.338795821543968
187 138 0.367171369819073
188 130 -0.197814142018736
188 131 -0.281301323819510
188 137 0.298142396999972
188 138 0.221108319357027
189 129 -0.156037899521099
189 130 -0.323029141234899
189 136 0.336650164612069
189 137 0.182574185835055
190 128 -0.114208048144032
190 129 -0.364751255324597
190 135 0.375154289247425
190 136 0.144016459964619
191 127 -0.0722315118514615
191 128 -0.406469422348530
191 134 0.413655788199695
191 135 0.105409255338946
192 126 -0.0294883912309794
192 127 -0.448184744516579
192 133 0.452155332208351
192 134 0.0666666666666667
193 126 -0.489897948556636
193 132 0.490653381462658
193 133 0.0272165526975909
194 138 -0.340910058437421
194 146 0.365351401083446
195 137 -0.205293920683813
195 138 -0.276818266179133
195 145 0.291709700729070
195 146 0.224970644482239
196 136 -0.169515875905203
196 137 -0.312571830824992
196 144 0.325073791571436
196 145 0.191591891073840
197 135 -0.133715926180959
197 136 -0.348322013051861
197 143 0.358435607241211
197 144 0.158201797323251
198 134 -0.0978700365857839
198 135 -0.384069757393187
198 142 0.391795728938797
198 143 0.124791260639214
199 133 -0.0618984460590173
199 134 -0.419815686614935
199 141 0.425154555421379
199 142 0.0913378502708616
200 132 -0.0252699347859634
200 133 -0.455560227992112
200 140 0.458512369387107
200 141 0.0577671286878700
201 132 -0.491303684440517
201 139 0.491869376837965
201 140 0.0235833315318289
202 146 -0.342493872625371
202 155 0.363960894145968
203 145 -0.210895776031660
203 146 -0.273459427796934
203 154 0.286794494806093
203 155 0.227921152919276
204 144 -0.179605302026775
204 145 -0.304736156571861
204 153 0.316227766016838
204 154 0.198479065379549
205 143 -0.148304197167041
205 144 -0.336010752516124
205 152 0.345659542730299
205 153 0.169030850945703
206 142 -0.116983928347834
206 143 -0.367283760468404
206 151 0.375090176747726
206 152 0.139572631559771
207 141 -0.0856234681563427
207 142 -0.398555554238392
207 150 0.404519917477945
207 151 0.110096376512636
208 140 -0.0541530361073882
208 141 -0.429826398837752
208 149 0.433948946665029
208 150 0.0805822964025380
209 139 -0.0221078844142691
209 140 -0.461096487380339
209 148 0.463377399878991
209 149 0.0509647191437626
210 139 -0.492365963917331
210 147 0.492805380304581
210 148 0.0208062594644120
211 155 -0.343724770923945
211 165 0.362863792172947
212 154 -0.215248801000253
212 155 -0.270848801657075
212 164 0.282916206749596
212 165 0.230248893622864
213 153 -0.187443685236754
213 154 -0.298645591277000
213 163 0.309247628340292
213 164 0.203911847571546
214 152 -0.159632783232723
214 153 -0.326440969493271
214 162 0.335578027607012
214 163 0.177571201301144
215 151 -0.131812432549124
215 152 -0.354235268547085
215 161 0.361907627685755
215 162 0.151225073546098
216 150 -0.103975048982007
216 151 -0.382028723980208
216 160 0.388236591175601
216 161 0.124869994764617
217 149 -0.0761019434147762
217 150 -0.409821507431794
217 159 0.414565039365564
217 160 0.0984987802056944
218 148 -0.0481310951111889
218 149 -0.437613746934202
218 158 0.440893064570871
218 159 0.0720937250910591
219 147 -0.0196494372972965
219 148 -0.465405539935137
219 157 0.467220738297454
219 158 0.0455960752587553
220 147 -0.493196961916072
220 156 0.493548116792825
220 157 0.0186145197762485
221 165 -0.344708957188131
222 164 -0.218729059571284
222 165 -0.268761316791269
223 163 -0.193709711056515
223 164 -0.293775322248954
224 162 -0.168686942449158
224 163 -0.318788356531669
225 161 -0.143658966607306
225 162 -0.343800631611455
226 160 -0.118622487577607
226 161 -0.368812301952219
227 159 -0.0935706800771819
227 160 -0.393823482774631
228 158 -0.0684867251348742
228 159 -0.418834261775195
229 157 -0.0433148081824210
229 158 -0.443844706882252
230 156 -0.0176831963922435
230 157 -0.468854871529131
231 156 -0.493864798324795
