496 496 0
1 121 0.447213595499958
1 122 -0.119522860933439
1 123 -0.462910049886276
2 123 0.471404520791032
2 125 -0.0710669054518701
2 126 -0.476731294622796
3 122 0.345032779671177
3 123 0.0890870806374748
3 124 -0.174077655955698
3 125 -0.376050716545177
4 126 0.480384461415261
4 129 -0.0506369683541833
4 130 -0.483045891539648
5 125 0.396664414010959
5 126 0.0591312395989083
5 128 -0.124034734589208
5 129 -0.411376675603721
6 124 0.312893109387372
6 125 0.144841364875580
6 127 -0.196116135138184
6 128 -0.339683110243379
7 130 0.485071250072666
7 134 -0.0393444737682317
7 135 -0.486664263392288
8 129 0.422411378337539
8 130 0.0442807442770048
8 133 -0.0963738849304853
8 134 -0.430997115920616
9 128 0.359738467092251
9 129 0.108465228909328
9 132 -0.152380491669656
9 133 -0.375322358866369
10 127 0.297044262893002
10 128 0.171498585142509
10 131 -0.208191386110891
10 132 -0.319636015903306
11 135 0.487950036474267
11 140 -0.0321744726043893
11 141 -0.489009646921826
12 134 0.437869070965592
12 135 0.0353996162702394
12 139 -0.0788110406239101
12 140 -0.443494498951694
13 133 0.387783367164741
13 134 0.0867109969524120
13 138 -0.124611196569807
13 139 -0.397976246989317
14 132 0.337690816752985
14 133 0.137102124276770
14 137 -0.170251306151750
14 138 -0.352453688425121
15 131 0.287587842088801
15 132 0.187317162316339
15 136 -0.215832923650858
15 137 -0.306924907022426
16 141 0.489897948556636
16 147 -0.0272165526975909
16 148 -0.490653381462658
17 140 0.448184744516579
17 141 0.0294883912309794
17 146 -0.0666666666666667
17 147 -0.452155332208351
18 139 0.406469422348530
18 140 0.0722315118514615
18 145 -0.105409255338946
18 146 -0.413655788199695
19 138 0.364751255324597
19 139 0.114208048144032
19 144 -0.144016459964619
19 145 -0.375154289247425
20 137 0.323029141234899
20 138 0.156037899521099
20 143 -0.182574185835055
20 144 -0.336650164612069
21 136 0.281301323819510
21 137 0.197814142018736
21 142 -0.221108319357027
21 143 -0.298142396999972
22 148 0.491303684440517
22 155 -0.0235833315318289
22 156 -0.491869376837965
23 147 0.455560227992112
23 148 0.0252699347859634
23 154 -0.0577671286878700
23 155 -0.458512369387107
24 146 0.419815686614935
24 147 0.0618984460590173
24 153 -0.0913378502708616
24 154 -0.425154555421379
25 145 0.384069757393187
25 146 0.0978700365857839
25 152 -0.124791260639214
25 153 -0.391795728938797
26 144 0.348322013051861
26 145 0.133715926180959
26 151 -0.158201797323251
26 152 -0.358435607241211
27 143 0.312571830824992
27 144 0.169515875905203
27 150 -0.191591891073840
27 151 -0.325073791571436
28 142 0.276818266179133
28 143 0.205293920683813
28 149 -0.224970644482239
28 150 -0.291709700729070
29 156 0.492365963917331
29 164 -0.0208062594644120
29 165 -0.492805380304581
30 155 0.461096487380339
30 156 0.0221078844142691
30 163 -0.0509647191437626
30 164 -0.463377399878991
31 154 0.429826398837752
31 155 0.0541530361073882
31 162 -0.0805822964025380
31 163 -0.433948946665029
32 153 0.398555554238392
32 154 0.0856234681563427
32 161 -0.110096376512636
32 162 -0.404519917477945
33 152 0.367283760468404
33 153 0.116983928347834
33 160 -0.139572631559771
33 161 -0.375090176747726
34 151 0.336010752516124
34 152 0.148304197167041
34 159 -0.169030850945703
34 160 -0.345659542730299
35 150 0.304736156571861
35 151 0.179605302026775
35 158 -0.198479065379549
35 159 -0.316227766016838
36 149 0.273459427796934
36 150 0.210895776031660
36 157 -0.227921152919276
36 158 -0.286794494806093
37 165 0.493196961916072
37 174 -0.0186145197762485
37 175 -0.493548116792825
38 164 0.465405539935137
38 165 0.0196494372972965
38 173 -0.0455960752587553
38 174 -0.467220738297454
39 163 0.437613746934202
39 164 0.0481310951111889
39 172 -0.0720937250910591
39 173 -0.440893064570871
40 162 0.409821507431794
40 163 0.0761019434147762
40 171 -0.0984987802056944
40 172 -0.414565039365564
41 161 0.382028723980208
41 162 0.103975048982007
41 170 -0.124869994764617
41 171 -0.388236591175601
42 160 0.354235268547085
42 161 0.131812432549124
42 169 -0.151225073546098
42 170 -0.361907627685755
43 159 0.326440969493271
43 160 0.159632783232723
43 168 -0.177571201301144
43 169 -0.335578027607012
44 158 0.298645591277000
44 159 0.187443685236754
44 167 -0.203911847571546
44 168 -0.309247628340292
45 157 0.270848801657075
45 158 0.215248801000253
45 166 -0.230248893622864
45 167 -0.282916206749596
46 175 0.493864798324795
46 185 -0.0168406498460619
46 186 -0.494151845601762
47 174 0.468854871529131
47 175 0.0176831963922435
47 184 -0.0412509990597316
47 185 -0.470333753886936
48 173 0.443844706882252
48 174 0.0433148081824210
48 183 -0.0652235563931081
48 184 -0.446515468408517
49 172 0.418834261775195
49 173 0.0684867251348742
49 182 -0.0891123428187957
49 183 -0.422696956411716
50 171 0.393823482774631
50 172 0.0935706800771819
50 181 -0.112970513523197
50 182 -0.398878177317748
51 170 0.368812301952219
51 171 0.118622487577607
51 180 -0.136814086108433
51 181 -0.375059080239208
52 169 0.343800631611455
52 170 0.143658966607306
52 179 -0.160649560654947
52 180 -0.351239600484318
53 168 0.318788356531669
53 169 0.168686942449158
53 178 -0.184480076074680
53 179 -0.327419654535027
54 167 0.293775322248954
54 168 0.193709711056515
54 177 -0.208307334358064
54 178 -0.303599132660554
55 166 0.268761316791269
55 167 0.218729059571284
55 176 -0.232132338494997
55 177 -0.279777887756690
56 186 0.494413232473044
56 197 -0.0153755201338148
56 198 -0.494652252662241
57 185 0.471678513560920
57 186 0.0160747607390137
57 196 -0.0376621788577355
57 197 -0.472906610165828
58 184 0.448943635211481
58 185 0.0393749615479079
58 195 -0.0595491334175414
58 196 -0.451160835280258
59 183 0.426208571910545
59 184 0.0622572806364690
59 194 -0.0813596051046808
59 195 -0.429414907892783
60 182 0.403473292392964
60 183 0.0850596386005904
60 193 -0.103142124625879
60 194 -0.407668803599069
61 181 0.380737757925422
61 182 0.107832773203438
61 192 -0.124911316058364
61 193 -0.385922492493980
62 180 0.358001919934799
62 181 0.130591973589082
62 191 -0.146673113978214
62 192 -0.364175937529070
63 179 0.335265716671409
63 180 0.153343444223432
63 190 -0.168430384213304
63 191 -0.342429092244117
64 178 0.312529068415485
64 179 0.176090181265125
64 189 -0.190184680681588
64 190 -0.320681897575501
65 177 0.289791870426647
65 178 0.198833809300456
65 188 -0.211936919113247
65 189 -0.298934277271208
66 176 0.267053982290780
66 177 0.221575285704751
66 187 -0.233687674210717
66 188 -0.277186131146990
67 198 0.494871659305394
67 210 -0.0141449648996668
67 211 -0.495073771488337
68 197 0.474032598075503
68 198 0.0147345892322685
68 209 -0.0346479464337619
68 210 -0.475068706726137
69 196 0.453193426002765
69 197 0.0360922251885651
69 208 -0.0547832134890979
69 209 -0.455063548455876
70 195 0.432354127059532
70 196 0.0570668187097829
70 207 -0.0748481188565120
70 208 -0.435058283778293
71 194 0.411514681971460
71 195 0.0779681175585450
71 206 -0.0948873091650102
71 207 -0.415052897307109
72 193 0.390675067351512
72 194 0.0988426294316663
72 205 -0.114914238077121
72 206 -0.395047370539266
73 192 0.369835254541153
73 193 0.119704368799485
73 204 -0.134934365204589
73 205 -0.375041681023592
74 191 0.348995208036308
74 192 0.140559022854369
74 203 -0.154950327013326
74 204 -0.355035801248363
75 190 0.328154883313454
75 191 0.161409337961723
75 202 -0.174963553055941
75 203 -0.335029697130245
76 189 0.307314223771048
76 190 0.182256803264195
76 201 -0.194974885773612
76 202 -0.315023325927385
77 188 0.286473156335654
77 189 0.203102296319612
77 200 -0.214984853873379
77 201 -0.295016633303226
78 187 0.265631584999218
78 188 0.223946367873852
78 199 -0.234993805951421
78 200 -0.275009549108463
79 211 0.495260556543649
79 224 -0.0130968158962752
79 225 -0.495433694306862
80 210 0.476025287134897
80 211 0.0136007224895685
80 223 -0.0320805162010457
80 224 -0.476911159294211
81 209 0.456789938291936
81 210 0.0333148302326385
81 222 -0.0507237498546183
81 223 -0.458388556369631
82 208 0.437554499538735
82 209 0.0526753716984874
82 221 -0.0693018356566833
82 222 -0.439865876953879
83 207 0.418318958472346
83 208 0.0719682587164029
83 220 -0.0878561118986134
83 221 -0.421343110959060
84 206 0.399083300298492
84 207 0.0912364200893559
84 219 -0.106399035319786
84 220 -0.402820246441755
85 205 0.379847507226042
85 206 0.110492791836050
85 218 -0.124935660971975
85 219 -0.384297269155816
86 204 0.360611557667655
86 205 0.129742623503924
86 217 -0.143468429957643
86 218 -0.365774161969271
87 203 0.341375425170149
87 204 0.148988450118090
87 216 -0.161998665898833
87 217 -0.347250904094591
88 202 0.322139076961583
88 203 0.168231646227613
88 215 -0.180527148811407
88 216 -0.328727470058685
89 201 0.302902471944641
89 202 0.187473021859862
89 214 -0.199054368224950
89 215 -0.310203828303810
90 200 0.283665557873423
90 201 0.206713085379317
90 213 -0.217580646904488
90 214 -0.291679939255307
91 199 0.264428267297693
91 200 0.225952171969552
91 212 -0.236106206296660
91 213 -0.273155752602985
92 225 0.495594627783352
92 239 -0.0121933086849912
92 240 -0.495744603464734
93 224 0.477733885203646
93 225 0.0126289205070680
93 238 -0.0298673845544749
93 239 -0.478499985474108
94 223 0.459873084218371
94 224 0.0309344112444873
94 237 -0.0472244814721371
94 238 -0.461255316977253
95 222 0.442012217747381
95 223 0.0489115988044518
95 236 -0.0645209248790614
95 237 -0.444010592089423
96 221 0.424151277517934
96 222 0.0668259659778115
96 235 -0.0817952012708366
96 236 -0.426765803974691
97 220 0.406290253802535
97 221 0.0847173742087358
97 234 -0.0990589080364496
97 235 -0.409520944645666
98 219 0.388429135084453
98 220 0.102597835208515
98 233 -0.116316751495908
98 234 -0.392276004710387
99 218 0.370567907626496
99 219 0.120472223432706
99 232 -0.133571004347866
99 233 -0.375030973049370
100 217 0.352706554908749
100 218 0.138342892773215
100 231 -0.150822898901939
100 232 -0.357785836399265
101 216 0.334845056886334
101 217 0.156211119564511
101 230 -0.168073161363204
101 231 -0.340540578809979
102 215 0.316983388996208
102 216 0.174077655955698
102 229 -0.185322247490171
102 230 -0.323295180928048
103 214 0.299121520808059
103 215 0.191942973987479
103 228 -0.202570457781348
103 229 -0.306049619037687
104 213 0.281259414161067
104 214 0.209807384893814
104 227 -0.219817998406480
104 228 -0.288803863758221
105 212 0.263397020542416
105 213 0.227671102209963
105 226 -0.237065015529217
105 227 -0.271557878245119
106 240 0.495884703680465
107 239 0.479215112659406
107 240 0.0117867501821119
108 238 0.462545477739750
108 239 0.0288715236718309
109 237 0.445875793997883
109 238 0.0456498871612267
110 236 0.429206055745272
110 237 0.0623696194950268
111 235 0.412536256373917
111 236 0.0790679239230308
112 234 0.395866388162750
112 235 0.0957560111453272
113 233 0.379196442032963
113 234 0.112438430560249
114 232 0.362526407235828
114 233 0.129117379088416
115 231 0.345856270950230
115 232 0.145794047950847
116 230 0.329186017757896
116 231 0.162469139138939
117 229 0.312515628950661
117 230 0.179143093214961
118 228 0.295845081603488
118 229 0.195816200657970
119 227 0.279174347315337
119 228 0.212488660763445
120 226 0.262503390470172
120 227 0.229160614821537
121 1 0.447213595499958
122 1 -0.119522860933439
122 3 0.345032779671177
123 1 -0.462910049886276
123 2 0.471404520791032
123 3 0.0890870806374748
124 3 -0.174077655955698
124 6 0.312893109387372
125 2 -0.0710669054518701
125 3 -0.376050716545177
125 5 0.396664414010959
125 6 0.144841364875580
126 2 -0.476731294622796
126 4 0.480384461415261
126 5 0.0591312395989083
127 6 -0.196116135138184
127 10 0.297044262893002
128 5 -0.124034734589208
128 6 -0.339683110243379
128 9 0.359738467092251
128 10 0.171498585142509
129 4 -0.0506369683541833
129 5 -0.411376675603721
129 8 0.422411378337539
129 9 0.108465228909328
130 4 -0.483045891539648
130 7 0.485071250072666
130 8 0.0442807442770048
131 10 -0.208191386110891
131 15 0.287587842088801
132 9 -0.152380491669656
132 10 -0.319636015903306
132 14 0.337690816752985
132 15 0.187317162316339
133 8 -0.0963738849304853
133 9 -0.375322358866369
133 13 0.387783367164741
133 14 0.137102124276770
134 7 -0.0393444737682317
134 8 -0.430997115920616
134 12 0.437869070965592
134 13 0.0867109969524120
135 7 -0.486664263392288
135 11 0.487950036474267
135 12 0.0353996162702394
136 15 -0.215832923650858
136 21 0.281301323819510
137 14 -0.170251306151750
137 15 -0.306924907022426
137 20 0.323029141234899
137 21 0.197814142018736
138 13 -0.124611196569807
138 14 -0.352453688425121
138 19 0.364751255324597
138 20 0.156037899521099
139 12 -0.0788110406239101
139 13 -0.397976246989317
139 18 0.406469422348530
139 19 0.114208048144032
140 11 -0.0321744726043893
140 12 -0.443494498951694
140 17 0.448184744516579
140 18 0.0722315118514615
141 11 -0.489009646921826
141 16 0.489897948556636
141 17 0.0294883912309794
142 21 -0.221108319357027
142 28 0.276818266179133
143 20 -0.182574185835055
143 21 -0.298142396999972
143 27 0.312571830824992
143 28 0.205293920683813
144 19 -0.144016459964619
144 20 -0.336650164612069
144 26 0.348322013051861
144 27 0.169515875905203
145 18 -0.105409255338946
145 19 -0.375154289247425
145 25 0.384069757393187
145 26 0.133715926180959
146 17 -0.0666666666666667
146 18 -0.413655788199695
146 24 0.419815686614935
146 25 0.0978700365857839
147 16 -0.0272165526975909
147 17 -0.452155332208351
147 23 0.455560227992112
147 24 0.0618984460590173
148 16 -0.490653381462658
148 22 0.491303684440517
148 23 0.0252699347859634
149 28 -0.224970644482239
149 36 0.273459427796934
150 27 -0.191591891073840
150 28 -0.291709700729070
150 35 0.304736156571861
150 36 0.210895776031660
151 26 -0.158201797323251
151 27 -0.325073791571436
151 34 0.336010752516124
151 35 0.179605302026775
152 25 -0.124791260639214
152 26 -0.358435607241211
152 33 0.367283760468404
152 34 0.148304197167041
153 24 -0.0913378502708616
153 25 -0.391795728938797
153 32 0.398555554238392
153 33 0.116983928347834
154 23 -0.0577671286878700
154 24 -0.425154555421379
154 31 0.429826398837752
154 32 0.0856234681563427
155 22 -0.0235833315318289
155 23 -0.458512369387107
155 30 0.461096487380339
155 31 0.0541530361073882
156 22 -0.491869376837965
156 29 0.492365963917331
156 30 0.0221078844142691
157 36 -0.227921152919276
157 45 0.270848801657075
158 35 -0.198479065379549
158 36 -0.286794494806093
158 44 0.298645591277000
158 45 0.215248801000253
159 34 -0.169030850945703
159 35 -0.316227766016838
159 43 0.326440969493271
159 44 0.187443685236754
160 33 -0.139572631559771
160 34 -0.345659542730299
160 42 0.354235268547085
160 43 0.159632783232723
161 32 -0.110096376512636
161 33 -0.375090176747726
161 41 0.382028723980208
161 42 0.131812432549124
162 31 -0.0805822964025380
162 32 -0.404519917477945
162 40 0.409821507431794
162 41 0.103975048982007
163 30 -0.0509647191437626
163 31 -0.433948946665029
163 39 0.437613746934202
163 40 0.0761019434147762
164 29 -0.0208062594644120
164 30 -0.463377399878991
164 38 0.465405539935137
164 39 0.0481310951111889
165 29 -0.492805380304581
165 37 0.493196961916072
165 38 0.0196494372972965
166 45 -0.230248893622864
166 55 0.268761316791269
167 44 -0.203911847571546
167 45 -0.282916206749596
167 54 0.293775322248954
167 55 0.218729059571284
168 43 -0.177571201301144
168 44 -0.309247628340292
168 53 0.318788356531669
168 54 0.193709711056515
169 42 -0.151225073546098
169 43 -0.335578027607012
169 52 0.343800631611455
169 53 0.168686942449158
170 41 -0.124869994764617
170 42 -0.361907627685755
170 51 0.368812301952219
170 52 0.143658966607306
171 40 -0.0984987802056944
171 41 -0.388236591175601
171 50 0.393823482774631
171 51 0.118622487577607
172 39 -0.0720937250910591
172 40 -0.414565039365564
172 49 0.418834261775195
172 50 0.0935706800771819
173 38 -0.0455960752587553
173 39 -0.440893064570871
173 48 0.443844706882252
173 49 0.0684867251348742
174 37 -0.0186145197762485
174 38 -0.467220738297454
174 47 0.468854871529131
174 48 0.0433148081824210
175 37 -0.493548116792825
175 46 0.493864798324795
175 47 0.0176831963922435
176 55 -0.232132338494997
176 66 0.267053982290780
177 54 -0.208307334358064
177 55 -0.279777887756690
177 65 0.289791870426647
177 66 0.221575285704751
178 53 -0.184480076074680
178 54 -0.303599132660554
178 64 0.312529068415485
178 65 0.198833809300456
179 52 -0.160649560654947
179 53 -0.327419654535027
179 63 0.335265716671409
179 64 0.176090181265125
180 51 -0.136814086108433
180 52 -0.351239600484318
180 62 0.358001919934799
180 63 0.153343444223432
181 50 -0.112970513523197
181 51 -0.375059080239208
181 61 0.380737757925422
181 62 0.130591973589082
182 49 -0.0891123428187957
182 50 -0.398878177317748
182 60 0.403473292392964
182 61 0.107832773203438
183 48 -0.0652235563931081
183 49 -0.422696956411716
183 59 0.426208571910545
183 60 0.0850596386005904
184 47 -0.0412509990597316
184 48 -0.446515468408517
184 58 0.448943635211481
184 59 0.0622572806364690
185 46 -0.0168406498460619
185 47 -0.470333753886936
185 57 0.471678513560920
185 58 0.0393749615479079
186 46 -0.494151845601762
186 56 0.494413232473044
186 57 0.0160747607390137
187 66 -0.233687674210717
187 78 0.265631584999218
188 65 -0.211936919113247
188 66 -0.277186131146990
188 77 0.286473156335654
188 78 0.223946367873852
189 64 -0.190184680681588
189 65 -0.298934277271208
189 76 0.307314223771048
189 77 0.203102296319612
190 63 -0.168430384213304
190 64 -0.320681897575501
190 75 0.328154883313454
190 76 0.182256803264195
191 62 -0.146673113978214
191 63 -0.342429092244117
191 74 0.348995208036308
191 75 0.161409337961723
192 61 -0.124911316058364
192 62 -0.364175937529070
192 73 0.369835254541153
192 74 0.140559022854369
193 60 -0.103142124625879
193 61 -0.385922492493980
193 72 0.390675067351512
193 73 0.119704368799485
194 59 -0.0813596051046808
194 60 -0.407668803599069
194 71 0.411514681971460
194 72 0.0988426294316663
195 58 -0.0595491334175414
195 59 -0.429414907892783
195 70 0.432354127059532
195 71 0.0779681175585450
196 57 -0.0376621788577355
196 58 -0.451160835280258
196 69 0.453193426002765
196 70 0.0570668187097829
197 56 -0.0153755201338148
197 57 -0.472906610165828
197 68 0.474032598075503
197 69 0.0360922251885651
198 56 -0.494652252662241
198 67 0.494871659305394
198 68 0.0147345892322685
199 78 -0.234993805951421
199 91 0.264428267297693
200 77 -0.214984853873379
200 78 -0.275009549108463
200 90 0.283665557873423
200 91 0.225952171969552
201 76 -0.194974885773612
201 77 -0.295016633303226
201 89 0.302902471944641
201 90 0.206713085379317
202 75 -0.174963553055941
202 76 -0.315023325927385
202 88 0.322139076961583
202 89 0.187473021859862
203 74 -0.154950327013326
203 75 -0.335029697130245
203 87 0.341375425170149
203 88 0.168231646227613
204 73 -0.134934365204589
204 74 -0.355035801248363
204 86 0.360611557667655
204 87 0.148988450118090
205 72 -0.114914238077121
205 73 -0.375041681023592
205 85 0.379847507226042
205 86 0.129742623503924
206 71 -0.0948873091650102
206 72 -0.395047370539266
206 84 0.399083300298492
206 85 0.110492791836050
207 70 -0.0748481188565120
207 71 -0.415052897307109
207 83 0.418318958472346
207 84 0.0912364200893559
208 69 -0.0547832134890979
208 70 -0.435058283778293
208 82 0.437554499538735
208 83 0.0719682587164029
209 68 -0.0346479464337619
209 69 -0.455063548455876
209 81 0.456789938291936
209 82 0.0526753716984874
210 67 -0.0141449648996668
210 68 -0.475068706726137
210 80 0.476025287134897
210 81 0.0333148302326385
211 67 -0.495073771488337
211 79 0.495260556543649
211 80 0.0136007224895685
212 91 -0.236106206296660
212 105 0.263397020542416
213 90 -0.217580646904488
213 91 -0.273155752602985
213 104 0.281259414161067
213 105 0.227671102209963
214 89 -0.199054368224950
214 90 -0.291679939255307
214 103 0.299121520808059
214 104 0.209807384893814
215 88 -0.180527148811407
215 89 -0.310203828303810
215 102 0.316983388996208
215 103 0.191942973987479
216 87 -0.161998665898833
216 88 -0.328727470058685
216 101 0.334845056886334
216 102 0.174077655955698
217 86 -0.143468429957643
217 87 -0.347250904094591
217 100 0.352706554908749
217 101 0.156211119564511
218 85 -0.124935660971975
218 86 -0.365774161969271
218 99 0.370567907626496
218 100 0.138342892773215
219 84 -0.106399035319786
219 85 -0.384297269155816
219 98 0.388429135084453
219 99 0.120472223432706
220 83 -0.0878561118986134
220 84 -0.402820246441755
220 97 0.406290253802535
220 98 0.102597835208515
221 82 -0.0693018356566833
221 83 -0.421343110959060
221 96 0.424151277517934
221 97 0.0847173742087358
222 81 -0.0507237498546183
222 82 -0.439865876953879
222 95 0.442012217747381
222 96 0.0668259659778115
223 80 -0.0320805162010457
223 81 -0.458388556369631
223 94 0.459873084218371
223 95 0.0489115988044518
224 79 -0.0130968158962752
224 80 -0.476911159294211
224 93 0.477733885203646
224 94 0.0309344112444873
225 79 -0.495433694306862
225 92 0.495594627783352
225 93 0.0126289205070680
226 105 -0.237065015529217
226 120 0.262503390470172
227 104 -0.219817998406480
227 105 -0.271557878245119
227 119 0.279174347315337
227 120 0.229160614821537
228 103 -0.202570457781348
228 104 -0.288803863758221
228 118 0.295845081603488
228 119 0.212488660763445
229 102 -0.185322247490171
229 103 -0.306049619037687
229 117 0.312515628950661
229 118 0.195816200657970
230 101 -0.168073161363204
230 102 -0.323295180928048
230 116 0.329186017757896
230 117 0.179143093214961
231 100 -0.150822898901939
231 101 -0.340540578809979
231 115 0.345856270950230
231 116 0.162469139138939
232 99 -0.133571004347866
232 100 -0.357785836399265
232 114 0.362526407235828
232 115 0.145794047950847
233 98 -0.116316751495908
233 99 -0.375030973049370
233 113 0.379196442032963
233 114 0.129117379088416
234 97 -0.0990589080364496
234 98 -0.392276004710387
234 112 0.395866388162750
234 113 0.112438430560249
235 96 -0.0817952012708366
235 97 -0.409520944645666
235 111 0.412536256373917
235 112 0.0957560111453272
236 95 -0.0645209248790614
236 96 -0.426765803974691
236 110 0.429206055745272
236 111 0.0790679239230308
237 94 -0.0472244814721371
237 95 -0.444010592089423
237 109 0.445875793997883
237 110 0.0623696194950268
238 93 -0.0298673845544749
238 94 -0.461255316977253
238 108 0.462545477739750
238 109 0.0456498871612267
239 92 -0.0121933086849912
239 93 -0.478499985474108
239 107 0.479215112659406
239 108 0.0288715236718309
240 92 -0.495744603464734
240 106 0.495884703680465
240 107 0.0117867501821119
241 361 0.577350269189626
241 362 -0.258198889747161
241 363 -0.447213595499958
242 363 0.462910049886276
242 365 -0.0890870806374748
242 366 -0.471404520791032
243 362 0.414039335605413
243 363 0.119522860933439
243 364 -0.308606699924184
243 365 -0.345032779671177
244 366 0.476731294622796
244 369 -0.0591312395989083
244 370 -0.480384461415261
245 365 0.376050716545177
245 366 0.0710669054518701
245 368 -0.144841364875580
245 369 -0.396664414010959
246 364 0.389249472080761
246 365 0.174077655955698
246 367 -0.323875137815648
246 368 -0.312893109387372
247 370 0.483045891539648
247 374 -0.0442807442770048
247 375 -0.485071250072666
248 369 0.411376675603721
248 370 0.0506369683541833
248 373 -0.108465228909328
248 374 -0.422411378337539
249 368 0.339683110243379
249 369 0.124034734589208
249 372 -0.171498585142509
249 373 -0.359738467092251
250 367 0.378932373372537
250 368 0.196116135138184
250 371 -0.331366747831806
250 372 -0.297044262893002
251 375 0.486664263392288
251 380 -0.0353996162702394
251 381 -0.487950036474267
252 374 0.430997115920616
252 375 0.0393444737682317
252 379 -0.0867109969524120
252 380 -0.437869070965592
253 373 0.375322358866369
253 374 0.0963738849304853
253 378 -0.137102124276770
253 379 -0.387783367164741
254 372 0.319636015903306
254 373 0.152380491669656
254 377 -0.187317162316339
254 378 -0.337690816752985
255 371 0.373254451345080
255 372 0.208191386110891
255 376 -0.335830247129734
255 377 -0.287587842088801
256 381 0.489009646921826
256 387 -0.0294883912309794
256 388 -0.489897948556636
257 380 0.443494498951694
257 381 0.0321744726043893
257 386 -0.0722315118514615
257 387 -0.448184744516579
258 379 0.397976246989317
258 380 0.0788110406239101
258 385 -0.114208048144032
258 386 -0.406469422348530
259 378 0.352453688425121
259 379 0.124611196569807
259 384 -0.156037899521099
259 385 -0.364751255324597
260 377 0.306924907022426
260 378 0.170251306151750
260 383 -0.197814142018736
260 384 -0.323029141234899
261 376 0.369656546990472
261 377 0.215832923650858
261 382 -0.338795821543968
261 383 -0.281301323819510
262 388 0.490653381462658
262 395 -0.0252699347859634
262 396 -0.491303684440517
263 387 0.452155332208351
263 388 0.0272165526975909
263 394 -0.0618984460590173
263 395 -0.455560227992112
264 386 0.413655788199695
264 387 0.0666666666666667
264 393 -0.0978700365857839
264 394 -0.419815686614935
265 385 0.375154289247425
265 386 0.105409255338946
265 392 -0.133715926180959
265 393 -0.384069757393187
266 384 0.336650164612069
266 385 0.144016459964619
266 391 -0.169515875905203
266 392 -0.348322013051861
267 383 0.298142396999972
267 384 0.182574185835055
267 390 -0.205293920683813
267 391 -0.312571830824992
268 382 0.367171369819073
268 383 0.221108319357027
268 389 -0.340910058437421
268 390 -0.276818266179133
269 396 0.491869376837965
269 404 -0.0221078844142691
269 405 -0.492365963917331
270 395 0.458512369387107
270 396 0.0235833315318289
270 403 -0.0541530361073882
270 404 -0.461096487380339
271 394 0.425154555421379
271 395 0.0577671286878700
271 402 -0.0856234681563427
271 403 -0.429826398837752
272 393 0.391795728938797
272 394 0.0913378502708616
272 401 -0.116983928347834
272 402 -0.398555554238392
273 392 0.358435607241211
273 393 0.124791260639214
273 400 -0.148304197167041
273 401 -0.367283760468404
274 391 0.325073791571436
274 392 0.158201797323251
274 399 -0.179605302026775
274 400 -0.336010752516124
275 390 0.291709700729070
275 391 0.191591891073840
275 398 -0.210895776031660
275 399 -0.304736156571861
276 389 0.365351401083446
276 390 0.224970644482239
276 397 -0.342493872625371
276 398 -0.273459427796934
277 405 0.492805380304581
277 414 -0.0196494372972965
277 415 -0.493196961916072
278 404 0.463377399878991
278 405 0.0208062594644120
278 413 -0.0481310951111889
278 414 -0.465405539935137
279 403 0.433948946665029
279 404 0.0509647191437626
279 412 -0.0761019434147762
279 413 -0.437613746934202
280 402 0.404519917477945
280 403 0.0805822964025380
280 411 -0.103975048982007
280 412 -0.409821507431794
281 401 0.375090176747726
281 402 0.110096376512636
281 410 -0.131812432549124
281 411 -0.382028723980208
282 400 0.345659542730299
282 401 0.139572631559771
282 409 -0.159632783232723
282 410 -0.354235268547085
283 399 0.316227766016838
283 400 0.169030850945703
283 408 -0.187443685236754
283 409 -0.326440969493271
284 398 0.286794494806093
284 399 0.198479065379549
284 407 -0.215248801000253
284 408 -0.298645591277000
285 397 0.363960894145968
285 398 0.227921152919276
285 406 -0.343724770923945
285 407 -0.270848801657075
286 415 0.493548116792825
286 425 -0.0176831963922435
286 426 -0.493864798324795
287 414 0.467220738297454
287 415 0.0186145197762485
287 424 -0.0433148081824210
287 425 -0.468854871529131
288 413 0.440893064570871
288 414 0.0455960752587553
288 423 -0.0684867251348742
288 424 -0.443844706882252
289 412 0.414565039365564
289 413 0.0720937250910591
289 422 -0.0935706800771819
289 423 -0.418834261775195
290 411 0.388236591175601
290 412 0.0984987802056944
290 421 -0.118622487577607
290 422 -0.393823482774631
291 410 0.361907627685755
291 411 0.124869994764617
291 420 -0.143658966607306
291 421 -0.368812301952219
292 409 0.335578027607012
292 410 0.151225073546098
292 419 -0.168686942449158
292 420 -0.343800631611455
293 408 0.309247628340292
293 409 0.177571201301144
293 418 -0.193709711056515
293 419 -0.318788356531669
294 407 0.282916206749596
294 408 0.203911847571546
294 417 -0.218729059571284
294 418 -0.293775322248954
295 406 0.362863792172947
295 407 0.230248893622864
295 416 -0.344708957188131
295 417 -0.268761316791269
296 426 0.494151845601762
296 437 -0.0160747607390137
296 438 -0.494413232473044
297 425 0.470333753886936
297 426 0.0168406498460619
297 436 -0.0393749615479079
297 437 -0.471678513560920
298 424 0.446515468408517
298 425 0.0412509990597316
298 435 -0.0622572806364690
298 436 -0.448943635211481
299 423 0.422696956411716
299 424 0.0652235563931081
299 434 -0.0850596386005904
299 435 -0.426208571910545
300 422 0.398878177317748
300 423 0.0891123428187957
300 433 -0.107832773203438
300 434 -0.403473292392964
301 421 0.375059080239208
301 422 0.112970513523197
301 432 -0.130591973589082
301 433 -0.380737757925422
302 420 0.351239600484318
302 421 0.136814086108433
302 431 -0.153343444223432
302 432 -0.358001919934799
303 419 0.327419654535027
303 420 0.160649560654947
303 430 -0.176090181265125
303 431 -0.335265716671409
304 418 0.303599132660554
304 419 0.184480076074680
304 429 -0.198833809300456
304 430 -0.312529068415485
305 417 0.279777887756690
305 418 0.208307334358064
305 428 -0.221575285704751
305 429 -0.289791870426647
306 416 0.361976047693491
306 417 0.232132338494997
306 427 -0.345513885337826
306 428 -0.267053982290780
307 438 0.494652252662241
307 450 -0.0147345892322685
307 451 -0.494871659305394
308 437 0.472906610165828
308 438 0.0153755201338148
308 449 -0.0360922251885651
308 450 -0.474032598075503
309 436 0.451160835280258
309 437 0.0376621788577355
309 448 -0.0570668187097829
309 449 -0.453193426002765
310 435 0.429414907892783
310 436 0.0595491334175414
310 447 -0.0779681175585450
310 448 -0.432354127059532
311 434 0.407668803599069
311 435 0.0813596051046808
311 446 -0.0988426294316663
311 447 -0.411514681971460
312 433 0.385922492493980
312 434 0.103142124625879
312 445 -0.119704368799485
312 446 -0.390675067351512
313 432 0.364175937529070
313 433 0.124911316058364
313 444 -0.140559022854369
313 445 -0.369835254541153
314 431 0.342429092244117
314 432 0.146673113978214
314 443 -0.161409337961723
314 444 -0.348995208036308
315 430 0.320681897575501
315 431 0.168430384213304
315 442 -0.182256803264195
315 443 -0.328154883313454
316 429 0.298934277271208
316 430 0.190184680681588
316 441 -0.203102296319612
316 442 -0.307314223771048
317 428 0.277186131146990
317 429 0.211936919113247
317 440 -0.223946367873852
317 441 -0.286473156335654
318 427 0.361242929205139
318 428 0.233687674210717
318 439 -0.346184462611644
318 440 -0.265631584999218
319 451 0.495073771488337
319 464 -0.0136007224895685
319 465 -0.495260556543649
320 450 0.475068706726137
320 451 0.0141449648996668
320 463 -0.0333148302326385
320 464 -0.476025287134897
321 449 0.455063548455876
321 450 0.0346479464337619
321 462 -0.0526753716984874
321 463 -0.456789938291936
322 448 0.435058283778293
322 449 0.0547832134890979
322 461 -0.0719682587164029
322 462 -0.437554499538735
323 447 0.415052897307109
323 448 0.0748481188565120
323 460 -0.0912364200893559
323 461 -0.418318958472346
324 446 0.395047370539266
324 447 0.0948873091650102
324 459 -0.110492791836050
324 460 -0.399083300298492
325 445 0.375041681023592
325 446 0.114914238077121
325 458 -0.129742623503924
325 459 -0.379847507226042
326 444 0.355035801248363
326 445 0.134934365204589
326 457 -0.148988450118090
326 458 -0.360611557667655
327 443 0.335029697130245
327 444 0.154950327013326
327 456 -0.168231646227613
327 457 -0.341375425170149
328 442 0.315023325927385
328 443 0.174963553055941
328 455 -0.187473021859862
328 456 -0.322139076961583
329 441 0.295016633303226
329 442 0.194974885773612
329 454 -0.206713085379317
329 455 -0.302902471944641
330 440 0.275009549108463
330 441 0.214984853873379
330 453 -0.225952171969552
330 454 -0.283665557873423
331 439 0.360627260212429
331 440 0.234993805951421
331 452 -0.346751746866350
331 453 -0.264428267297693
332 465 0.495433694306862
332 479 -0.0126289205070680
332 480 -0.495594627783352
333 464 0.476911159294211
333 465 0.0130968158962752
333 478 -0.0309344112444873
333 479 -0.477733885203646
334 463 0.458388556369631
334 464 0.0320805162010457
334 477 -0.0489115988044518
334 478 -0.459873084218371
335 462 0.439865876953879
335 463 0.0507237498546183
335 476 -0.0668259659778115
335 477 -0.442012217747381
336 461 0.421343110959060
336 462 0.0693018356566833
336 475 -0.0847173742087358
336 476 -0.424151277517934
337 460 0.402820246441755
337 461 0.0878561118986134
337 474 -0.102597835208515
337 475 -0.406290253802535
338 459 0.384297269155816
338 460 0.106399035319786
338 473 -0.120472223432706
338 474 -0.388429135084453
339 458 0.365774161969271
339 459 0.124935660971975
339 472 -0.138342892773215
339 473 -0.370567907626496
340 457 0.347250904094591
340 458 0.143468429957643
340 471 -0.156211119564511
340 472 -0.352706554908749
341 456 0.328727470058685
341 457 0.161998665898833
341 470 -0.174077655955698
341 471 -0.334845056886334
342 455 0.310203828303810
342 456 0.180527148811407
342 469 -0.191942973987479
342 470 -0.316983388996208
343 454 0.291679939255307
343 455 0.199054368224950
343 468 -0.209807384893814
343 469 -0.299121520808059
344 453 0.273155752602985
344 454 0.217580646904488
344 467 -0.227671102209963
344 468 -0.281259414161067
345 452 0.360102901245492
345 453 0.236106206296660
345 466 -0.347237905015316
345 467 -0.263397020542416
346 480 0.495744603464734
346 495 -0.0117867501821119
346 496 -0.495884703680465
347 479 0.478499985474108
347 480 0.0121933086849912
347 494 -0.0288715236718309
347 495 -0.479215112659406
348 478 0.461255316977253
348 479 0.0298673845544749
348 493 -0.0456498871612267
348 494 -0.462545477739750
349 477 0.444010592089423
349 478 0.0472244814721371
349 492 -0.0623696194950268
349 493 -0.445875793997883
350 476 0.426765803974691
350 477 0.0645209248790614
350 491 -0.0790679239230308
350 492 -0.429206055745272
351 475 0.409520944645666
351 476 0.0817952012708366
351 490 -0.0957560111453272
351 491 -0.412536256373917
352 474 0.392276004710387
352 475 0.0990589080364496
352 489 -0.112438430560249
352 490 -0.395866388162750
353 473 0.375030973049370
353 474 0.116316751495908
353 488 -0.129117379088416
353 489 -0.379196442032963
354 472 0.357785836399265
354 473 0.133571004347866
354 487 -0.145794047950847
354 488 -0.362526407235828
355 471 0.340540578809979
355 472 0.150822898901939
355 486 -0.162469139138939
355 487 -0.345856270950230
356 470 0.323295180928048
356 471 0.168073161363204
356 485 -0.179143093214961
356 486 -0.329186017757896
357 469 0.306049619037687
357 470 0.185322247490171
357 484 -0.195816200657970
357 485 -0.312515628950661
358 468 0.288803863758221
358 469 0.202570457781348
358 483 -0.212488660763445
358 484 -0.295845081603488
359 467 0.271557878245119
359 468 0.219817998406480
359 482 -0.229160614821537
359 483 -0.279174347315337
360 466 0.359650935933870
360 467 0.237065015529217
360 481 -0.347659182928193
360 482 -0.262503390470172
361 241 0.577350269189626
362 241 -0.258198889747161
362 243 0.414039335605413
363 241 -0.447213595499958
363 242 0.462910049886276
363 243 0.119522860933439
364 243 -0.308606699924184
364 246 0.389249472080761
365 242 -0.0890870806374748
365 243 -0.345032779671177
365 245 0.376050716545177
365 246 0.174077655955698
366 242 -0.471404520791032
366 244 0.476731294622796
366 245 0.0710669054518701
367 246 -0.323875137815648
367 250 0.378932373372537
368 245 -0.144841364875580
368 246 -0.312893109387372
368 249 0.339683110243379
368 250 0.196116135138184
369 244 -0.0591312395989083
369 245 -0.396664414010959
369 248 0.411376675603721
369 249 0.124034734589208
370 244 -0.480384461415261
370 247 0.483045891539648
370 248 0.0506369683541833
371 250 -0.331366747831806
371 255 0.373254451345080
372 249 -0.171498585142509
372 250 -0.297044262893002
372 254 0.319636015903306
372 255 0.208191386110891
373 248 -0.108465228909328
373 249 -0.359738467092251
373 253 0.375322358866369
373 254 0.152380491669656
374 247 -0.0442807442770048
374 248 -0.422411378337539
374 252 0.430997115920616
374 253 0.0963738849304853
375 247 -0.485071250072666
375 251 0.486664263392288
375 252 0.0393444737682317
376 255 -0.335830247129734
376 261 0.369656546990472
377 254 -0.187317162316339
377 255 -0.287587842088801
377 260 0.306924907022426
377 261 0.215832923650858
378 253 -0.137102124276770
378 254 -0.337690816752985
378 259 0.352453688425121
378 260 0.170251306151750
379 252 -0.0867109969524120
379 253 -0.387783367164741
379 258 0.397976246989317
379 259 0.124611196569807
380 251 -0.0353996162702394
380 252 -0.437869070965592
380 257 0.443494498951694
380 258 0.0788110406239101
381 251 -0.487950036474267
381 256 0.489009646921826
381 257 0.0321744726043893
382 261 -0.338795821543968
382 268 0.367171369819073
383 260 -0.197814142018736
383 261 -0.281301323819510
383 267 0.298142396999972
383 268 0.221108319357027
384 259 -0.156037899521099
384 260 -0.323029141234899
384 266 0.336650164612069
384 267 0.182574185835055
385 258 -0.114208048144032
385 259 -0.364751255324597
385 265 0.375154289247425
385 266 0.144016459964619
386 257 -0.0722315118514615
386 258 -0.406469422348530
386 264 0.413655788199695
386 265 0.105409255338946
387 256 -0.0294883912309794
387 257 -0.448184744516579
387 263 0.452155332208351
387 264 0.0666666666666667
388 256 -0.489897948556636
388 262 0.490653381462658
388 263 0.0272165526975909
389 268 -0.340910058437421
389 276 0.365351401083446
390 267 -0.205293920683813
390 268 -0.276818266179133
390 275 0.291709700729070
390 276 0.224970644482239
391 266 -0.169515875905203
391 267 -0.312571830824992
391 274 0.325073791571436
391 275 0.191591891073840
392 265 -0.133715926180959
392 266 -0.348322013051861
392 273 0.358435607241211
392 274 0.158201797323251
393 264 -0.0978700365857839
393 265 -0.384069757393187
393 272 0.391795728938797
393 273 0.124791260639214
394 263 -0.0618984460590173
394 264 -0.419815686614935
394 271 0.425154555421379
394 272 0.0913378502708616
395 262 -0.0252699347859634
395 263 -0.455560227992112
395 270 0.458512369387107
395 271 0.0577671286878700
396 262 -0.491303684440517
396 269 0.491869376837965
396 270 0.0235833315318289
397 276 -0.342493872625371
397 285 0.363960894145968
398 275 -0.210895776031660
398 276 -0.273459427796934
398 284 0.286794494806093
398 285 0.227921152919276
399 274 -0.179605302026775
399 275 -0.304736156571861
399 283 0.316227766016838
399 284 0.198479065379549
400 273 -0.148304197167041
400 274 -0.336010752516124
400 282 0.345659542730299
400 283 0.169030850945703
401 272 -0.116983928347834
401 273 -0.367283760468404
401 281 0.375090176747726
401 282 0.139572631559771
402 271 -0.0856234681563427
402 272 -0.398555554238392
402 280 0.404519917477945
402 281 0.110096376512636
403 270 -0.0541530361073882
403 271 -0.429826398837752
403 279 0.433948946665029
403 280 0.0805822964025380
404 269 -0.0221078844142691
404 270 -0.461096487380339
404 278 0.463377399878991
404 279 0.0509647191437626
405 269 -0.492365963917331
405 277 0.492805380304581
405 278 0.0208062594644120
406 285 -0.343724770923945
406 295 0.362863792172947
407 284 -0.215248801000253
407 285 -0.270848801657075
407 294 0.282916206749596
407 295 0.230248893622864
408 283 -0.187443685236754
408 284 -0.298645591277000
408 293 0.309247628340292
408 294 0.203911847571546
409 282 -0.159632783232723
409 283 -0.326440969493271
409 292 0.335578027607012
409 293 0.177571201301144
410 281 -0.131812432549124
410 282 -0.354235268547085
410 291 0.361907627685755
410 292 0.151225073546098
411 280 -0.103975048982007
411 281 -0.382028723980208
411 290 0.388236591175601
411 291 0.124869994764617
412 279 -0.0761019434147762
412 280 -0.409821507431794
412 289 0.414565039365564
412 290 0.0984987802056944
413 278 -0.0481310951111889
413 279 -0.437613746934202
413 288 0.440893064570871
413 289 0.0720937250910591
414 277 -0.0196494372972965
414 278 -0.465405539935137
414 287 0.467220738297454
414 288 0.0455960752587553
415 277 -0.493196961916072
415 286 0.493548116792825
415 287 0.0186145197762485
416 295 -0.344708957188131
416 306 0.361976047693491
417 294 -0.218729059571284
417 295 -0.268761316791269
