66 66 0
1 16 0.447213595499958
1 17 -0.119522860933439
1 18 -0.462910049886276
2 18 0.471404520791032
2 20 -0.0710669054518701
2 21 -0.476731294622796
3 17 0.345032779671177
3 18 0.0890870806374748
3 19 -0.174077655955698
3 20 -0.376050716545177
4 21 0.480384461415261
4 24 -0.0506369683541833
4 25 -0.483045891539648
5 20 0.396664414010959
5 21 0.0591312395989083
5 23 -0.124034734589208
5 24 -0.411376675603721
6 19 0.312893109387372
6 20 0.144841364875580
6 22 -0.196116135138184
6 23 -0.339683110243379
7 25 0.485071250072666
7 29 -0.0393444737682317
7 30 -0.486664263392288
8 24 0.422411378337539
8 25 0.0442807442770048
8 28 -0.0963738849304853
8 29 -0.430997115920616
9 23 0.359738467092251
9 24 0.108465228909328
9 27 -0.152380491669656
9 28 -0.375322358866369
10 22 0.297044262893002
10 23 0.171498585142509
10 26 -0.208191386110891
10 27 -0.319636015903306
11 30 0.487950036474267
12 29 0.437869070965592
12 30 0.0353996162702394
13 28 0.387783367164741
13 29 0.0867109969524120
14 27 0.337690816752985
14 28 0.137102124276770
15 26 0.287587842088801
15 27 0.187317162316339
16 1 0.447213595499958
17 1 -0.119522860933439
17 3 0.345032779671177
18 1 -0.462910049886276
18 2 0.471404520791032
18 3 0.0890870806374748
19 3 -0.174077655955698
19 6 0.312893109387372
20 2 -0.0710669054518701
20 3 -0.376050716545177
20 5 0.396664414010959
20 6 0.144841364875580
21 2 -0.476731294622796
21 4 0.480384461415261
21 5 0.0591312395989083
22 6 -0.196116135138184
22 10 0.297044262893002
23 5 -0.124034734589208
23 6 -0.339683110243379
23 9 0.359738467092251
23 10 0.171498585142509
24 4 -0.0506369683541833
24 5 -0.411376675603721
24 8 0.422411378337539
24 9 0.108465228909328
25 4 -0.483045891539648
25 7 0.485071250072666
25 8 0.0442807442770048
26 10 -0.208191386110891
26 15 0.287587842088801
27 9 -0.152380491669656
27 10 -0.319636015903306
27 14 0.337690816752985
27 15 0.187317162316339
28 8 -0.0963738849304853
28 9 -0.375322358866369
28 13 0.387783367164741
28 14 0.137102124276770
29 7 -0.0393444737682317
29 8 -0.430997115920616
29 12 0.437869070965592
29 13 0.0867109969524120
30 7 -0.486664263392288
30 11 0.487950036474267
30 12 0.0353996162702394
31 46 0.577350269189626
31 47 -0.258198889747161
31 48 -0.447213595499958
32 48 0.462910049886276
32 50 -0.0890870806374748
32 51 -0.471404520791032
33 47 0.414039335605413
33 48 0.119522860933439
33 49 -0.308606699924184
33 50 -0.345032779671177
34 51 0.476731294622796
34 54 -0.0591312395989083
34 55 -0.480384461415261
35 50 0.376050716545177
35 51 0.0710669054518701
35 53 -0.144841364875580
35 54 -0.396664414010959
36 49 0.389249472080761
36 50 0.174077655955698
36 52 -0.323875137815648
36 53 -0.312893109387372
37 55 0.483045891539648
37 59 -0.0442807442770048
37 60 -0.485071250072666
38 54 0.411376675603721
38 55 0.0506369683541833
38 58 -0.108465228909328
38 59 -0.422411378337539
39 53 0.339683110243379
39 54 0.124034734589208
39 57 -0.171498585142509
39 58 -0.359738467092251
40 52 0.378932373372537
40 53 0.196116135138184
40 56 -0.331366747831806
40 57 -0.297044262893002
41 60 0.486664263392288
41 65 -0.0353996162702394
41 66 -0.487950036474267
42 59 0.430997115920616
42 60 0.0393444737682317
42 64 -0.0867109969524120
42 65 -0.437869070965592
43 58 0.375322358866369
43 59 0.0963738849304853
43 63 -0.137102124276770
43 64 -0.387783367164741
44 57 0.319636015903306
44 58 0.152380491669656
44 62 -0.187317162316339
44 63 -0.337690816752985
45 56 0.373254451345080
45 57 0.208191386110891
45 61 -0.335830247129734
45 62 -0.287587842088801
46 31 0.577350269189626
47 31 -0.258198889747161
47 33 0.414039335605413
48 31 -0.447213595499958
48 32 0.462910049886276
48 33 0.119522860933439
49 33 -0.308606699924184
49 36 0.389249472080761
50 32 -0.0890870806374748
50 33 -0.345032779671177
50 35 0.376050716545177
50 36 0.174077655955698
51 32 -0.471404520791032
51 34 0.476731294622796
51 35 0.0710669054518701
52 36 -0.323875137815648
52 40 0.378932373372537
53 35 -0.144841364875580
53 36 -0.312893109387372
53 39 0.339683110243379
53 40 0.196116135138184
54 34 -0.0591312395989083
54 35 -0.396664414010959
54 38 0.411376675603721
54 39 0.124034734589208
55 34 -0.480384461415261
55 37 0.483045891539648
55 38 0.0506369683541833
56 40 -0.331366747831806
56 45 0.373254451345080
57 39 -0.171498585142509
57 40 -0.297044262893002
57 44 0.319636015903306
57 45 0.208191386110891
58 38 -0.108465228909328
58 39 -0.359738467092251
58 43 0.375322358866369
58 44 0.152380491669656
59 37 -0.0442807442770048
59 38 -0.422411378337539
59 42 0.430997115920616
59 43 0.0963738849304853
60 37 -0.485071250072666
60 41 0.486664263392288
60 42 0.0393444737682317
61 45 -0.335830247129734
62 44 -0.187317162316339
62 45 -0.287587842088801
63 43 -0.137102124276770
63 44 -0.337690816752985
64 42 -0.0867109969524120
64 43 -0.387783367164741
65 41 -0.0353996162702394
65 42 -0.437869070965592
66 41 -0.487950036474267
